Processing file H.JPG...
		{0.78, 0.93, 0.96, 1.00, 1.00, 1.00, 1.00, 0.96, 0.91, 0.17, 
		 0.15, 0.15, 0.15, 0.15, 0.15, 0.15, 0.15, 0.15, 0.15, 0.15, 
		 0.15, 0.15, 0.15, 0.15, 0.15, 0.15, 0.15, 0.15, 0.87, 0.87},
		{0.24, 0.31, 0.38, 0.39, 0.41, 0.43, 0.46, 0.47, 0.49, 0.49, 
		 0.49, 0.49, 0.49, 0.49, 0.49, 0.49, 0.49, 0.49, 0.49, 0.49, 
		 0.49, 0.49, 0.49, 0.49, 0.49, 0.49, 0.49, 0.49, 0.49, 0.49, 
		 0.49, 0.49, 0.49, 0.49, 0.49, 0.74, 1.00, 1.00, 1.00, 1.00, 
		 1.00, 1.00, 1.00, 1.00, 1.00, 1.00, 1.00, 1.00, 0.24, 0.12},


Processing file D.JPG...
		{0.89, 0.93, 0.95, 0.98, 0.98, 0.98, 0.98, 0.98, 0.98, 0.32, 
		 0.32, 0.32, 0.30, 0.30, 0.30, 0.32, 0.32, 0.32, 0.32, 0.32, 
		 0.34, 0.34, 0.36, 0.36, 0.39, 0.41, 0.50, 0.55, 0.89, 0.00},
		{0.53, 0.61, 0.68, 0.72, 0.76, 0.78, 0.79, 0.80, 0.82, 0.83, 
		 0.84, 0.86, 0.87, 0.74, 0.61, 0.57, 0.53, 0.51, 0.50, 0.49, 
		 0.47, 0.49, 0.50, 0.49, 0.47, 0.47, 0.47, 0.47, 0.47, 0.47, 
		 0.47, 0.47, 0.47, 0.47, 0.47, 0.47, 0.47, 0.47, 0.47, 0.47, 
		 0.47, 0.47, 0.47, 0.47, 0.47, 0.47, 0.47, 0.47, 0.00, 0.00},


Processing file r1.JPG...
		{0.00, 0.46, 0.91, 0.94, 0.97, 0.97, 0.97, 0.97, 0.97, 0.97, 
		 0.97, 0.97, 0.97, 0.94, 0.91, 0.75, 0.59, 0.41, 0.24, 0.22, 
		 0.21, 0.21, 0.21, 0.21, 0.21, 0.21, 0.21, 0.21, 0.15, 0.07},
		{0.00, 0.27, 0.55, 0.66, 0.77, 0.82, 0.86, 0.89, 0.91, 0.93, 
		 0.95, 0.95, 0.95, 0.95, 0.95, 0.80, 0.64, 0.55, 0.45, 0.43, 
		 0.41, 0.41, 0.41, 0.39, 0.36, 0.36, 0.36, 0.36, 0.36, 0.36, 
		 0.36, 0.36, 0.36, 0.36, 0.36, 0.36, 0.36, 0.34, 0.32, 0.32, 
		 0.32, 0.32, 0.32, 0.34, 0.36, 0.36, 0.36, 0.34, 0.23, 0.11},


Processing file d1.JPG...
		{0.15, 0.33, 0.41, 0.50, 0.54, 0.59, 0.61, 0.65, 0.65, 0.43, 
		 0.39, 0.35, 0.30, 0.26, 0.26, 0.26, 0.26, 0.26, 0.24, 0.24, 
		 0.24, 0.26, 0.26, 0.37, 0.52, 0.91, 0.96, 0.96, 0.96, 0.00},
		{0.00, 0.08, 0.15, 0.18, 0.21, 0.21, 0.21, 0.21, 0.21, 0.21, 
		 0.21, 0.21, 0.21, 0.21, 0.21, 0.21, 0.21, 0.21, 0.21, 0.21, 
		 0.21, 0.21, 0.21, 0.21, 0.21, 0.36, 0.52, 0.58, 0.64, 0.68, 
		 0.73, 0.77, 0.82, 0.85, 0.88, 0.88, 0.88, 0.79, 0.70, 0.67, 
		 0.64, 0.62, 0.61, 0.58, 0.55, 0.53, 0.52, 0.52, 0.00, 0.00},


Processing file t1.JPG...
		{0.07, 0.09, 0.11, 0.12, 0.13, 0.13, 0.13, 0.13, 0.13, 0.49, 
		 0.84, 0.88, 0.91, 0.92, 0.93, 0.96, 0.98, 0.97, 0.96, 0.97, 
		 0.98, 0.98, 0.98, 0.96, 0.93, 0.61, 0.29, 0.28, 0.00, 0.00},
		{0.04, 0.15, 0.26, 0.28, 0.30, 0.33, 0.35, 0.35, 0.35, 0.35, 
		 0.35, 0.35, 0.35, 0.35, 0.35, 0.35, 0.35, 0.35, 0.35, 0.35, 
		 0.35, 0.35, 0.35, 0.50, 0.65, 0.72, 0.78, 0.80, 0.83, 0.83, 
		 0.83, 0.83, 0.83, 0.80, 0.78, 0.57, 0.35, 0.35, 0.35, 0.35, 
		 0.35, 0.35, 0.35, 0.35, 0.35, 0.35, 0.35, 0.35, 0.39, 0.20},


Processing file f1.JPG...
		{0.00, 0.11, 0.11, 0.11, 0.13, 0.13, 0.15, 0.83, 0.89, 0.93, 
		 0.96, 0.96, 0.96, 0.96, 0.91, 0.28, 0.26, 0.26, 0.26, 0.24, 
		 0.22, 0.11, 0.11, 0.00, 0.00, 0.00, 0.00, 0.00, 0.00, 0.11},
		{0.00, 0.39, 0.57, 0.61, 0.65, 0.65, 0.70, 0.39, 0.35, 0.35, 
		 0.35, 0.35, 0.35, 0.39, 0.83, 0.87, 0.87, 0.87, 0.87, 0.65, 
		 0.35, 0.35, 0.35, 0.35, 0.35, 0.35, 0.35, 0.35, 0.35, 0.35, 
		 0.35, 0.35, 0.35, 0.35, 0.35, 0.35, 0.35, 0.35, 0.35, 0.35, 
		 0.35, 0.35, 0.35, 0.30, 0.26, 0.13, 0.00, 0.00, 0.00, 0.13},
		
Processing file g1.JPG...
		{0.00, 0.24, 0.44, 0.58, 0.67, 0.73, 0.80, 0.82, 0.84, 0.69, 
		 0.56, 0.49, 0.47, 0.42, 0.42, 0.40, 0.40, 0.38, 0.40, 0.38, 
		 0.38, 0.40, 0.40, 0.42, 0.60, 0.87, 0.93, 0.91, 0.93, 0.64},
		{0.24, 0.38, 0.52, 0.58, 0.64, 0.67, 0.70, 0.76, 0.82, 0.85, 
		 0.88, 0.85, 0.82, 0.74, 0.67, 0.65, 0.64, 0.61, 0.58, 0.55, 
		 0.52, 0.53, 0.55, 0.55, 0.55, 0.52, 0.48, 0.48, 0.48, 0.48, 
		 0.48, 0.48, 0.48, 0.48, 0.48, 0.48, 0.48, 0.48, 0.48, 0.52, 
		 0.55, 0.55, 0.55, 0.55, 0.55, 0.56, 0.58, 0.59, 0.30, 0.15},


Processing file n1.JPG...
		{0.91, 0.94, 0.97, 0.97, 0.97, 0.97, 0.97, 0.97, 0.97, 0.97, 
		 0.97, 0.95, 0.94, 0.89, 0.85, 0.53, 0.21, 0.20, 0.18, 0.18, 
		 0.18, 0.18, 0.18, 0.18, 0.18, 0.18, 0.18, 0.18, 0.73, 0.36},
		{0.00, 0.26, 0.52, 0.62, 0.72, 0.76, 0.79, 0.84, 0.90, 0.91, 
		 0.93, 0.95, 0.97, 0.88, 0.79, 0.74, 0.69, 0.67, 0.66, 0.62, 
		 0.59, 0.59, 0.59, 0.57, 0.55, 0.55, 0.55, 0.55, 0.55, 0.55, 
		 0.55, 0.55, 0.55, 0.55, 0.55, 0.55, 0.55, 0.55, 0.55, 0.55, 
		 0.55, 0.55, 0.55, 0.55, 0.55, 0.55, 0.55, 0.55, 0.41, 0.21},


Processing file O.JPG...
		{0.30, 0.43, 0.52, 0.61, 0.70, 0.74, 0.78, 0.83, 0.83, 0.59, 
		 0.50, 0.43, 0.39, 0.39, 0.35, 0.30, 0.33, 0.35, 0.33, 0.30, 
		 0.30, 0.30, 0.30, 0.30, 0.35, 0.33, 0.33, 0.35, 0.39, 0.26},
		{0.19, 0.29, 0.38, 0.44, 0.50, 0.54, 0.57, 0.61, 0.64, 0.68, 
		 0.71, 0.74, 0.76, 0.73, 0.69, 0.61, 0.52, 0.52, 0.52, 0.50, 
		 0.48, 0.48, 0.48, 0.45, 0.43, 0.45, 0.48, 0.45, 0.43, 0.43, 
		 0.43, 0.42, 0.40, 0.42, 0.43, 0.43, 0.43, 0.43, 0.43, 0.43, 
		 0.43, 0.43, 0.43, 0.43, 0.43, 0.43, 0.43, 0.43, 0.26, 0.13},


Processing file q1.JPG...
		{0.26, 0.39, 0.48, 0.52, 0.57, 0.61, 0.65, 0.65, 0.48, 0.39, 
		 0.37, 0.33, 0.30, 0.30, 0.28, 0.24, 0.26, 0.26, 0.26, 0.24, 
		 0.26, 0.28, 0.30, 0.43, 0.89, 0.96, 0.98, 1.00, 1.00, 0.87},
		{0.16, 0.34, 0.53, 0.59, 0.66, 0.72, 0.78, 0.81, 0.84, 0.88, 
		 0.91, 0.91, 0.91, 0.81, 0.72, 0.69, 0.66, 0.64, 0.62, 0.59, 
		 0.56, 0.56, 0.56, 0.55, 0.53, 0.53, 0.53, 0.53, 0.53, 0.52, 
		 0.50, 0.50, 0.50, 0.50, 0.50, 0.50, 0.50, 0.50, 0.50, 0.52, 
		 0.53, 0.53, 0.53, 0.55, 0.56, 0.56, 0.56, 0.58, 0.12, 0.06},


Processing file G.JPG...
		{0.20, 0.40, 0.51, 0.56, 0.64, 0.71, 0.73, 0.78, 0.82, 0.67, 
		 0.53, 0.47, 0.42, 0.38, 0.38, 0.33, 0.31, 0.33, 0.31, 0.31, 
		 0.31, 0.31, 0.40, 0.44, 0.44, 0.47, 0.44, 0.44, 0.47, 0.31},
		{0.17, 0.29, 0.40, 0.45, 0.50, 0.55, 0.60, 0.63, 0.67, 0.69, 
		 0.71, 0.74, 0.76, 0.71, 0.67, 0.62, 0.57, 0.55, 0.52, 0.50, 
		 0.48, 0.48, 0.48, 0.45, 0.43, 0.40, 0.38, 0.38, 0.38, 0.33, 
		 0.29, 0.25, 0.21, 0.21, 0.21, 0.23, 0.24, 0.23, 0.21, 0.21, 
		 0.21, 0.21, 0.21, 0.42, 0.62, 0.64, 0.67, 0.68, 0.26, 0.19},


Processing file e1.JPG...
		{0.31, 0.50, 0.59, 0.69, 0.75, 0.81, 0.88, 0.91, 0.88, 0.62, 
		 0.56, 0.53, 0.50, 0.47, 0.47, 0.44, 0.47, 0.47, 0.47, 0.47, 
		 0.53, 0.53, 0.62, 0.75, 0.72, 0.72, 0.69, 0.66, 0.56, 0.00},
		{0.31, 0.41, 0.50, 0.55, 0.59, 0.62, 0.66, 0.70, 0.75, 0.75, 
		 0.75, 0.66, 0.56, 0.56, 0.56, 0.55, 0.53, 0.52, 0.50, 0.50, 
		 0.50, 0.52, 0.53, 0.52, 0.50, 0.52, 0.53, 0.75, 0.97, 0.97, 
		 0.97, 0.95, 0.94, 0.94, 0.94, 0.61, 0.28, 0.27, 0.25, 0.27, 
		 0.28, 0.27, 0.25, 0.31, 0.38, 0.41, 0.44, 0.45, 0.44, 0.22},


Processing file X.JPG...
		{0.24, 0.37, 0.46, 0.52, 0.57, 0.63, 0.63, 0.65, 0.67, 0.65, 
		 0.65, 0.61, 0.54, 0.46, 0.41, 0.33, 0.28, 0.35, 0.43, 0.48, 
		 0.57, 0.61, 0.65, 0.65, 0.65, 0.63, 0.63, 0.61, 0.54, 0.00},
		{0.21, 0.28, 0.35, 0.41, 0.47, 0.49, 0.50, 0.51, 0.53, 0.54, 
		 0.56, 0.54, 0.53, 0.54, 0.56, 0.56, 0.56, 0.54, 0.53, 0.56, 
		 0.59, 0.56, 0.53, 0.53, 0.53, 0.56, 0.59, 0.56, 0.53, 0.53, 
		 0.53, 0.53, 0.53, 0.51, 0.50, 0.49, 0.47, 0.46, 0.44, 0.41, 
		 0.38, 0.37, 0.35, 0.34, 0.32, 0.35, 0.38, 0.40, 0.26, 0.13},


Processing file Q.JPG...
		{0.10, 0.35, 0.47, 0.53, 0.61, 0.65, 0.69, 0.73, 0.78, 0.63, 
		 0.51, 0.45, 0.39, 0.37, 0.35, 0.33, 0.31, 0.31, 0.31, 0.35, 
		 0.37, 0.39, 0.39, 0.41, 0.43, 0.45, 0.41, 0.41, 0.41, 0.00},
		{0.20, 0.28, 0.37, 0.42, 0.48, 0.51, 0.54, 0.58, 0.61, 0.63, 
		 0.65, 0.67, 0.70, 0.64, 0.59, 0.55, 0.52, 0.49, 0.46, 0.45, 
		 0.43, 0.43, 0.43, 0.42, 0.41, 0.41, 0.41, 0.41, 0.41, 0.40, 
		 0.39, 0.39, 0.39, 0.39, 0.39, 0.39, 0.39, 0.38, 0.37, 0.38, 
		 0.39, 0.39, 0.39, 0.39, 0.39, 0.39, 0.39, 0.39, 0.09, 0.04},


Processing file K.JPG...
		{0.89, 0.96, 0.98, 1.00, 1.00, 1.00, 0.98, 0.93, 0.85, 0.24, 
		 0.24, 0.24, 0.24, 0.24, 0.24, 0.24, 0.26, 0.33, 0.37, 0.43, 
		 0.48, 0.54, 0.59, 0.59, 0.59, 0.59, 0.59, 0.61, 0.59, 0.00},
		{0.16, 0.24, 0.32, 0.36, 0.39, 0.42, 0.45, 0.47, 0.50, 0.51, 
		 0.53, 0.53, 0.53, 0.53, 0.53, 0.54, 0.55, 0.55, 0.55, 0.54, 
		 0.53, 0.53, 0.53, 0.53, 0.53, 0.53, 0.53, 0.53, 0.53, 0.53, 
		 0.53, 0.53, 0.53, 0.53, 0.53, 0.54, 0.55, 0.57, 0.58, 0.61, 
		 0.63, 0.63, 0.63, 0.64, 0.66, 0.67, 0.68, 0.68, 0.29, 0.14},


Processing file C.JPG...
		{0.00, 0.28, 0.41, 0.52, 0.61, 0.67, 0.72, 0.76, 0.80, 0.83, 
		 0.57, 0.48, 0.43, 0.37, 0.35, 0.35, 0.33, 0.33, 0.33, 0.30, 
		 0.30, 0.30, 0.30, 0.30, 0.33, 0.30, 0.33, 0.33, 0.37, 0.00},
		{0.00, 0.15, 0.29, 0.35, 0.41, 0.46, 0.51, 0.56, 0.61, 0.63, 
		 0.66, 0.68, 0.71, 0.73, 0.76, 0.68, 0.61, 0.56, 0.51, 0.50, 
		 0.49, 0.48, 0.46, 0.46, 0.46, 0.44, 0.41, 0.40, 0.39, 0.39, 
		 0.39, 0.38, 0.37, 0.33, 0.29, 0.26, 0.22, 0.22, 0.22, 0.22, 
		 0.22, 0.22, 0.22, 0.22, 0.22, 0.22, 0.22, 0.22, 0.17, 0.09},


Processing file I.JPG...
		{1.00, 1.00, 1.00, 1.00, 1.00, 1.00, 1.00, 1.00, 1.00, 1.00, 
		 1.00, 1.00, 1.00, 1.00, 1.00, 1.00, 1.00, 1.00, 1.00, 1.00, 
		 1.00, 1.00, 1.00, 1.00, 1.00, 1.00, 0.27, 0.13, 0.53, 0.40},
		{1.00, 1.00, 1.00, 1.00, 1.00, 1.00, 1.00, 1.00, 1.00, 1.00, 
		 1.00, 0.94, 0.89, 0.89, 0.89, 0.89, 0.89, 0.89, 0.89, 0.89, 
		 0.89, 0.94, 1.00, 1.00, 1.00, 1.00, 1.00, 1.00, 1.00, 1.00, 
		 1.00, 0.94, 0.89, 0.89, 0.89, 0.89, 0.89, 0.89, 0.89, 0.89, 
		 0.89, 0.89, 0.89, 0.89, 0.89, 0.89, 0.89, 0.89, 1.00, 0.50},


Processing file M.JPG...
		{0.93, 0.98, 1.00, 1.00, 1.00, 0.98, 0.98, 0.93, 0.27, 0.36, 
		 0.44, 0.53, 0.60, 0.64, 0.67, 0.67, 0.64, 0.58, 0.49, 0.44, 
		 0.36, 0.40, 0.47, 0.53, 0.60, 0.67, 0.67, 0.67, 0.62, 0.89},
		{0.52, 0.56, 0.60, 0.62, 0.64, 0.65, 0.67, 0.68, 0.69, 0.69, 
		 0.69, 0.70, 0.71, 0.71, 0.71, 0.73, 0.74, 0.74, 0.74, 0.75, 
		 0.76, 0.75, 0.74, 0.74, 0.74, 0.74, 0.74, 0.74, 0.74, 0.74, 
		 0.74, 0.74, 0.74, 0.74, 0.74, 0.74, 0.74, 0.74, 0.74, 0.74, 
		 0.74, 0.74, 0.74, 0.74, 0.74, 0.74, 0.74, 0.74, 0.26, 0.13},


Processing file A.JPG...
		{0.09, 0.15, 0.24, 0.28, 0.35, 0.39, 0.46, 0.48, 0.50, 0.48, 
		 0.50, 0.52, 0.54, 0.61, 0.61, 0.57, 0.54, 0.50, 0.46, 0.39, 
		 0.37, 0.43, 0.48, 0.54, 0.59, 0.59, 0.63, 0.59, 0.52, 0.00},
		{0.00, 0.08, 0.17, 0.19, 0.21, 0.23, 0.24, 0.26, 0.29, 0.29, 
		 0.29, 0.31, 0.33, 0.33, 0.33, 0.35, 0.36, 0.37, 0.38, 0.38, 
		 0.38, 0.39, 0.40, 0.39, 0.38, 0.39, 0.40, 0.40, 0.40, 0.39, 
		 0.38, 0.38, 0.38, 0.38, 0.38, 0.39, 0.40, 0.40, 0.40, 0.40, 
		 0.40, 0.40, 0.40, 0.40, 0.40, 0.40, 0.40, 0.40, 0.07, 0.04},


Processing file W.JPG...
		{0.04, 0.20, 0.30, 0.41, 0.50, 0.59, 0.67, 0.74, 0.76, 0.74, 
		 0.67, 0.61, 0.50, 0.43, 0.35, 0.35, 0.41, 0.50, 0.57, 0.61, 
		 0.63, 0.61, 0.61, 0.54, 0.50, 0.43, 0.35, 0.28, 0.28, 0.17},
		{0.29, 0.35, 0.40, 0.43, 0.45, 0.47, 0.49, 0.50, 0.51, 0.51, 
		 0.51, 0.52, 0.53, 0.54, 0.55, 0.56, 0.58, 0.57, 0.56, 0.57, 
		 0.58, 0.58, 0.58, 0.59, 0.60, 0.58, 0.56, 0.56, 0.56, 0.57, 
		 0.58, 0.58, 0.58, 0.58, 0.58, 0.58, 0.58, 0.57, 0.56, 0.57, 
		 0.58, 0.56, 0.55, 0.56, 0.58, 0.57, 0.56, 0.57, 0.11, 0.05},


Processing file L.JPG...
		{0.91, 0.98, 0.98, 0.98, 0.98, 0.98, 0.98, 0.96, 0.87, 0.16, 
		 0.16, 0.16, 0.16, 0.16, 0.16, 0.16, 0.16, 0.16, 0.16, 0.16, 
		 0.16, 0.16, 0.16, 0.16, 0.13, 0.16, 0.13, 0.13, 0.13, 0.11},
		{0.00, 0.10, 0.19, 0.21, 0.23, 0.24, 0.26, 0.26, 0.26, 0.27, 
		 0.29, 0.29, 0.29, 0.29, 0.29, 0.29, 0.29, 0.29, 0.29, 0.29, 
		 0.29, 0.29, 0.29, 0.29, 0.29, 0.29, 0.29, 0.29, 0.29, 0.29, 
		 0.29, 0.29, 0.29, 0.29, 0.29, 0.29, 0.29, 0.29, 0.29, 0.29, 
		 0.29, 0.29, 0.29, 0.29, 0.29, 0.29, 0.29, 0.27, 0.97, 0.54},


Processing file S.JPG...
		{0.04, 0.28, 0.46, 0.54, 0.61, 0.67, 0.72, 0.70, 0.72, 0.61, 
		 0.57, 0.52, 0.48, 0.50, 0.46, 0.46, 0.46, 0.48, 0.48, 0.46, 
		 0.46, 0.50, 0.50, 0.54, 0.61, 0.65, 0.78, 0.76, 0.74, 0.00},
		{0.33, 0.42, 0.50, 0.56, 0.61, 0.64, 0.67, 0.69, 0.72, 0.75, 
		 0.78, 0.71, 0.64, 0.58, 0.53, 0.51, 0.50, 0.50, 0.50, 0.47, 
		 0.44, 0.44, 0.44, 0.42, 0.39, 0.40, 0.42, 0.38, 0.33, 0.31, 
		 0.28, 0.32, 0.36, 0.42, 0.47, 0.50, 0.53, 0.56, 0.58, 0.61, 
		 0.64, 0.65, 0.67, 0.65, 0.64, 0.62, 0.61, 0.58, 0.14, 0.07},


Processing file h1.JPG...
		{0.00, 0.46, 0.91, 0.93, 0.96, 0.98, 1.00, 1.00, 1.00, 1.00, 
		 1.00, 1.00, 1.00, 0.98, 0.96, 0.93, 0.91, 0.53, 0.15, 0.14, 
		 0.13, 0.13, 0.13, 0.13, 0.13, 0.12, 0.11, 0.12, 0.52, 0.26},
		{0.13, 0.17, 0.20, 0.23, 0.27, 0.27, 0.27, 0.27, 0.27, 0.27, 
		 0.27, 0.27, 0.27, 0.27, 0.27, 0.27, 0.27, 0.27, 0.27, 0.27, 
		 0.27, 0.27, 0.27, 0.32, 0.37, 0.48, 0.60, 0.67, 0.73, 0.77, 
		 0.80, 0.83, 0.87, 0.90, 0.93, 0.93, 0.93, 0.82, 0.70, 0.68, 
		 0.67, 0.65, 0.63, 0.62, 0.60, 0.58, 0.57, 0.55, 0.27, 0.13},


Processing file Y.JPG...
		{0.00, 0.11, 0.17, 0.20, 0.24, 0.28, 0.30, 0.33, 0.35, 0.33, 
		 0.33, 0.33, 0.33, 0.35, 0.70, 0.67, 0.65, 0.61, 0.59, 0.63, 
		 0.65, 0.67, 0.59, 0.33, 0.33, 0.33, 0.33, 0.30, 0.33, 0.11},
		{0.00, 0.14, 0.28, 0.33, 0.39, 0.42, 0.44, 0.44, 0.44, 0.47, 
		 0.50, 0.51, 0.53, 0.51, 0.50, 0.51, 0.53, 0.53, 0.53, 0.51, 
		 0.50, 0.53, 0.56, 0.53, 0.50, 0.51, 0.53, 0.53, 0.53, 0.51, 
		 0.50, 0.51, 0.53, 0.53, 0.53, 0.53, 0.53, 0.51, 0.50, 0.49, 
		 0.47, 0.46, 0.44, 0.43, 0.42, 0.39, 0.36, 0.35, 0.17, 0.08},


Processing file j1.JPG...
		{0.07, 0.08, 0.10, 0.11, 0.12, 0.12, 0.12, 0.12, 0.12, 0.12, 
		 0.12, 0.12, 0.12, 0.12, 0.12, 0.14, 0.17, 0.50, 0.83, 0.86, 
		 0.88, 0.88, 0.88, 0.89, 0.90, 0.90, 0.90, 0.87, 0.61, 0.31},
		{0.12, 0.35, 0.41, 0.47, 0.47, 0.41, 0.41, 0.29, 0.00, 0.00, 
		 0.00, 0.00, 0.12, 0.35, 0.41, 0.41, 0.47, 0.47, 0.47, 0.47, 
		 0.47, 0.47, 0.47, 0.47, 0.47, 0.47, 0.47, 0.47, 0.47, 0.47, 
		 0.47, 0.47, 0.47, 0.47, 0.47, 0.47, 0.47, 0.47, 0.47, 0.47, 
		 0.47, 0.47, 0.47, 0.47, 0.47, 0.47, 0.47, 0.47, 0.53, 0.00},


Processing file F.JPG...
		{0.00, 0.89, 0.98, 0.98, 0.98, 0.98, 1.00, 0.98, 1.00, 0.95, 
		 0.32, 0.32, 0.32, 0.32, 0.32, 0.30, 0.30, 0.30, 0.30, 0.30, 
		 0.30, 0.30, 0.30, 0.30, 0.30, 0.30, 0.27, 0.25, 0.18, 0.00},
		{0.22, 0.55, 0.88, 0.89, 0.91, 0.92, 0.94, 0.94, 0.94, 0.94, 
		 0.94, 0.92, 0.91, 0.61, 0.31, 0.30, 0.28, 0.28, 0.28, 0.28, 
		 0.28, 0.28, 0.28, 0.28, 0.28, 0.28, 0.28, 0.28, 0.28, 0.28, 
		 0.28, 0.28, 0.28, 0.28, 0.28, 0.53, 0.78, 0.81, 0.84, 0.84, 
		 0.84, 0.86, 0.88, 0.88, 0.88, 0.86, 0.84, 0.83, 0.22, 0.11},


Processing file i1.JPG...
		{0.72, 0.74, 0.76, 0.78, 0.80, 0.82, 0.84, 0.85, 0.87, 0.88, 
		 0.88, 0.89, 0.89, 0.89, 0.89, 0.89, 0.89, 0.89, 0.88, 0.88, 
		 0.87, 0.85, 0.84, 0.82, 0.80, 0.76, 0.32, 0.16, 0.63, 0.47},
		{0.00, 0.25, 0.50, 0.62, 0.75, 0.81, 0.88, 0.94, 1.00, 1.00, 
		 1.00, 0.94, 0.88, 0.81, 0.75, 0.50, 0.25, 0.12, 0.00, 0.00, 
		 0.00, 0.00, 0.00, 0.00, 0.00, 0.25, 0.50, 0.62, 0.75, 0.81, 
		 0.88, 0.94, 1.00, 1.00, 1.00, 1.00, 1.00, 1.00, 1.00, 1.00, 
		 1.00, 1.00, 1.00, 1.00, 1.00, 1.00, 1.00, 1.00, 0.50, 0.25},


Processing file y1.JPG...
		{0.02, 0.15, 0.26, 0.33, 0.41, 0.43, 0.50, 0.52, 0.59, 0.61, 
		 0.63, 0.67, 0.70, 0.63, 0.54, 0.46, 0.39, 0.41, 0.43, 0.43, 
		 0.43, 0.43, 0.43, 0.43, 0.46, 0.43, 0.39, 0.33, 0.26, 0.13},
		{0.00, 0.10, 0.19, 0.29, 0.39, 0.42, 0.45, 0.47, 0.48, 0.50, 
		 0.52, 0.52, 0.52, 0.52, 0.52, 0.50, 0.48, 0.50, 0.52, 0.52, 
		 0.52, 0.50, 0.48, 0.50, 0.52, 0.50, 0.48, 0.48, 0.48, 0.50, 
		 0.52, 0.48, 0.45, 0.48, 0.52, 0.52, 0.52, 0.48, 0.45, 0.48, 
		 0.52, 0.50, 0.48, 0.47, 0.45, 0.48, 0.52, 0.48, 0.42, 0.21},


Processing file N.JPG...
		{0.89, 0.98, 0.98, 1.00, 1.00, 1.00, 0.98, 0.91, 0.30, 0.30, 
		 0.30, 0.30, 0.30, 0.30, 0.30, 0.33, 0.30, 0.30, 0.30, 0.30, 
		 0.33, 0.30, 0.33, 0.30, 0.33, 0.33, 0.33, 0.30, 0.93, 0.91},
		{0.19, 0.28, 0.36, 0.39, 0.42, 0.46, 0.50, 0.50, 0.50, 0.51, 
		 0.53, 0.54, 0.56, 0.56, 0.56, 0.57, 0.58, 0.60, 0.61, 0.61, 
		 0.61, 0.62, 0.64, 0.65, 0.67, 0.67, 0.67, 0.68, 0.69, 0.69, 
		 0.69, 0.69, 0.69, 0.69, 0.69, 0.69, 0.69, 0.69, 0.69, 0.69, 
		 0.69, 0.69, 0.69, 0.69, 0.69, 0.69, 0.69, 0.69, 0.31, 0.15},


Processing file k1.JPG...
		{0.00, 0.47, 0.93, 0.96, 0.98, 0.98, 0.98, 0.98, 0.98, 0.99, 
		 1.00, 0.99, 0.98, 0.96, 0.93, 0.89, 0.85, 0.52, 0.20, 0.20, 
		 0.20, 0.20, 0.20, 0.20, 0.20, 0.21, 0.22, 0.25, 0.07, 0.03},
		{0.03, 0.10, 0.17, 0.21, 0.24, 0.24, 0.24, 0.26, 0.28, 0.28, 
		 0.28, 0.28, 0.28, 0.28, 0.28, 0.28, 0.28, 0.28, 0.28, 0.28, 
		 0.28, 0.28, 0.28, 0.28, 0.28, 0.34, 0.41, 0.47, 0.52, 0.53, 
		 0.55, 0.57, 0.59, 0.60, 0.62, 0.60, 0.59, 0.59, 0.59, 0.60, 
		 0.62, 0.62, 0.62, 0.60, 0.59, 0.59, 0.59, 0.59, 0.38, 0.19},


Processing file E.JPG...
		{0.86, 0.95, 0.95, 0.98, 1.00, 1.00, 1.00, 1.00, 1.00, 0.45, 
		 0.48, 0.48, 0.45, 0.48, 0.48, 0.48, 0.48, 0.48, 0.48, 0.48, 
		 0.48, 0.48, 0.48, 0.48, 0.48, 0.48, 0.48, 0.48, 0.45, 0.07},
		{0.76, 0.84, 0.91, 0.93, 0.94, 0.96, 0.97, 0.97, 0.97, 0.97, 
		 0.97, 0.96, 0.94, 0.60, 0.26, 0.26, 0.26, 0.26, 0.26, 0.26, 
		 0.26, 0.26, 0.26, 0.26, 0.26, 0.26, 0.26, 0.26, 0.26, 0.26, 
		 0.26, 0.26, 0.26, 0.26, 0.26, 0.57, 0.88, 0.90, 0.91, 0.91, 
		 0.91, 0.91, 0.91, 0.91, 0.91, 0.90, 0.88, 0.82, 0.85, 0.65},


Processing file m1.JPG...
		{0.82, 0.94, 0.94, 1.00, 1.00, 1.00, 0.94, 0.88, 0.35, 0.21, 
		 0.15, 0.18, 0.15, 0.18, 0.18, 0.18, 0.21, 0.21, 0.24, 0.32, 
		 0.91, 0.94, 0.97, 0.94, 0.94, 0.91, 0.85, 0.79, 0.24, 0.00},
		{0.23, 0.40, 0.56, 0.65, 0.73, 0.79, 0.85, 0.89, 0.92, 0.94, 
		 0.96, 0.97, 0.98, 0.86, 0.75, 0.69, 0.62, 0.61, 0.60, 0.58, 
		 0.56, 0.55, 0.54, 0.53, 0.52, 0.52, 0.52, 0.52, 0.52, 0.52, 
		 0.52, 0.51, 0.50, 0.50, 0.50, 0.50, 0.50, 0.50, 0.50, 0.50, 
		 0.50, 0.50, 0.50, 0.50, 0.50, 0.50, 0.50, 0.50, 0.23, 0.11},


Processing file a1.JPG...
		{0.00, 0.21, 0.39, 0.58, 0.67, 0.73, 0.79, 0.79, 0.79, 0.64, 
		 0.55, 0.58, 0.52, 0.52, 0.45, 0.42, 0.45, 0.45, 0.45, 0.45, 
		 0.48, 0.52, 0.67, 0.85, 0.88, 0.91, 0.91, 0.91, 0.88, 0.00},
		{0.36, 0.45, 0.55, 0.59, 0.64, 0.67, 0.70, 0.73, 0.76, 0.73, 
		 0.70, 0.62, 0.55, 0.52, 0.48, 0.47, 0.45, 0.45, 0.45, 0.42, 
		 0.39, 0.36, 0.33, 0.33, 0.33, 0.39, 0.45, 0.53, 0.61, 0.67, 
		 0.73, 0.76, 0.79, 0.76, 0.73, 0.67, 0.61, 0.58, 0.55, 0.53, 
		 0.52, 0.50, 0.48, 0.50, 0.52, 0.52, 0.52, 0.53, 0.24, 0.12},


Processing file T.JPG...
		{0.00, 0.11, 0.13, 0.15, 0.15, 0.15, 0.15, 0.15, 0.15, 0.15, 
		 0.15, 0.15, 0.15, 0.15, 0.15, 0.91, 0.96, 0.98, 0.98, 0.98, 
		 0.98, 0.96, 0.96, 0.24, 0.15, 0.15, 0.15, 0.15, 0.15, 0.07},
		{0.00, 0.43, 0.87, 0.91, 0.95, 0.96, 0.97, 0.97, 0.97, 0.97, 
		 0.97, 0.96, 0.95, 0.93, 0.92, 0.58, 0.24, 0.24, 0.24, 0.22, 
		 0.21, 0.21, 0.21, 0.22, 0.24, 0.22, 0.21, 0.21, 0.21, 0.21, 
		 0.21, 0.21, 0.21, 0.21, 0.21, 0.21, 0.21, 0.21, 0.21, 0.21, 
		 0.21, 0.21, 0.21, 0.21, 0.21, 0.21, 0.21, 0.21, 0.11, 0.05},


Processing file p1.JPG...
		{0.93, 0.98, 1.00, 1.00, 1.00, 0.98, 0.93, 0.63, 0.33, 0.30, 
		 0.24, 0.26, 0.26, 0.24, 0.24, 0.26, 0.26, 0.26, 0.28, 0.30, 
		 0.33, 0.39, 0.41, 0.52, 0.65, 0.63, 0.61, 0.54, 0.50, 0.17},
		{0.38, 0.48, 0.59, 0.64, 0.69, 0.73, 0.78, 0.81, 0.84, 0.88, 
		 0.91, 0.83, 0.75, 0.72, 0.69, 0.64, 0.59, 0.59, 0.59, 0.56, 
		 0.53, 0.53, 0.53, 0.52, 0.50, 0.50, 0.50, 0.50, 0.50, 0.50, 
		 0.50, 0.50, 0.50, 0.50, 0.50, 0.50, 0.50, 0.50, 0.50, 0.52, 
		 0.53, 0.53, 0.53, 0.53, 0.53, 0.56, 0.59, 0.61, 0.09, 0.05},


Processing file U.JPG...
		{0.65, 0.78, 0.83, 0.87, 0.89, 0.91, 0.91, 0.91, 0.87, 0.24, 
		 0.20, 0.17, 0.17, 0.17, 0.15, 0.15, 0.15, 0.15, 0.15, 0.15, 
		 0.15, 0.15, 0.15, 0.17, 0.17, 0.17, 0.22, 0.28, 0.89, 0.52},
		{0.03, 0.18, 0.32, 0.35, 0.38, 0.41, 0.43, 0.45, 0.46, 0.47, 
		 0.49, 0.49, 0.49, 0.49, 0.49, 0.49, 0.49, 0.49, 0.49, 0.49, 
		 0.49, 0.49, 0.49, 0.49, 0.49, 0.49, 0.49, 0.49, 0.49, 0.49, 
		 0.49, 0.49, 0.49, 0.49, 0.49, 0.49, 0.49, 0.49, 0.49, 0.49, 
		 0.49, 0.49, 0.49, 0.49, 0.49, 0.49, 0.49, 0.49, 0.35, 0.18},


Processing file J.JPG...
		{0.11, 0.16, 0.22, 0.24, 0.26, 0.29, 0.33, 0.34, 0.35, 0.34, 
		 0.33, 0.34, 0.35, 0.35, 0.35, 0.30, 0.26, 0.23, 0.20, 0.20, 
		 0.20, 0.18, 0.17, 0.16, 0.15, 0.15, 0.15, 0.15, 0.74, 0.37},
		{0.14, 0.19, 0.24, 0.26, 0.28, 0.29, 0.31, 0.31, 0.31, 0.31, 
		 0.31, 0.31, 0.31, 0.31, 0.31, 0.31, 0.31, 0.31, 0.31, 0.31, 
		 0.31, 0.31, 0.31, 0.31, 0.31, 0.31, 0.31, 0.31, 0.31, 0.31, 
		 0.31, 0.31, 0.31, 0.31, 0.31, 0.31, 0.31, 0.31, 0.31, 0.31, 
		 0.31, 0.31, 0.31, 0.31, 0.31, 0.31, 0.31, 0.31, 0.31, 0.16},


Processing file B.JPG...
		{0.00, 0.00, 0.00, 0.79, 0.87, 0.91, 0.91, 0.91, 0.91, 0.91, 
		 0.91, 0.91, 0.38, 0.40, 0.40, 0.38, 0.40, 0.40, 0.40, 0.40, 
		 0.40, 0.40, 0.40, 0.40, 0.45, 0.47, 0.51, 0.53, 0.66, 0.00},
		{0.00, 0.00, 0.00, 0.29, 0.57, 0.62, 0.67, 0.68, 0.69, 0.71, 
		 0.74, 0.75, 0.76, 0.77, 0.79, 0.76, 0.74, 0.61, 0.48, 0.45, 
		 0.43, 0.43, 0.43, 0.42, 0.40, 0.40, 0.40, 0.40, 0.40, 0.42, 
		 0.43, 0.43, 0.43, 0.43, 0.43, 0.44, 0.45, 0.46, 0.48, 0.61, 
		 0.74, 0.71, 0.69, 0.68, 0.67, 0.69, 0.71, 0.74, 0.00, 0.00},


Processing file V.JPG...
		{0.00, 0.13, 0.22, 0.26, 0.35, 0.41, 0.46, 0.50, 0.52, 0.54, 
		 0.54, 0.54, 0.54, 0.52, 0.50, 0.48, 0.41, 0.37, 0.30, 0.24, 
		 0.24, 0.30, 0.37, 0.41, 0.46, 0.50, 0.52, 0.50, 0.50, 0.09},
		{0.10, 0.21, 0.31, 0.33, 0.36, 0.38, 0.41, 0.41, 0.41, 0.44, 
		 0.46, 0.46, 0.46, 0.45, 0.44, 0.45, 0.46, 0.46, 0.46, 0.45, 
		 0.44, 0.45, 0.46, 0.46, 0.46, 0.44, 0.41, 0.44, 0.46, 0.45, 
		 0.44, 0.44, 0.44, 0.45, 0.46, 0.45, 0.44, 0.44, 0.44, 0.45, 
		 0.46, 0.45, 0.44, 0.42, 0.41, 0.44, 0.46, 0.44, 0.15, 0.08},


Processing file u1.JPG...
		{0.79, 0.83, 0.88, 0.89, 0.91, 0.92, 0.94, 0.95, 0.97, 0.97, 
		 0.97, 0.97, 0.97, 0.74, 0.52, 0.39, 0.27, 0.24, 0.21, 0.21, 
		 0.21, 0.20, 0.18, 0.18, 0.18, 0.18, 0.18, 0.17, 0.00, 0.00},
		{0.34, 0.41, 0.48, 0.48, 0.48, 0.48, 0.48, 0.50, 0.52, 0.53, 
		 0.55, 0.53, 0.52, 0.53, 0.55, 0.52, 0.48, 0.48, 0.48, 0.48, 
		 0.48, 0.48, 0.48, 0.48, 0.48, 0.48, 0.48, 0.48, 0.48, 0.48, 
		 0.48, 0.50, 0.52, 0.50, 0.48, 0.48, 0.48, 0.50, 0.52, 0.53, 
		 0.55, 0.55, 0.55, 0.55, 0.55, 0.57, 0.59, 0.60, 0.41, 0.21},


Processing file P.JPG...
		{0.09, 0.93, 0.96, 0.98, 0.98, 1.00, 1.00, 0.98, 0.96, 0.33, 
		 0.29, 0.29, 0.29, 0.29, 0.29, 0.29, 0.29, 0.29, 0.31, 0.31, 
		 0.33, 0.31, 0.33, 0.38, 0.44, 0.56, 0.53, 0.51, 0.49, 0.29},
		{0.48, 0.61, 0.73, 0.77, 0.82, 0.83, 0.85, 0.88, 0.91, 0.92, 
		 0.94, 0.94, 0.94, 0.80, 0.67, 0.61, 0.55, 0.53, 0.52, 0.52, 
		 0.52, 0.50, 0.48, 0.48, 0.48, 0.48, 0.48, 0.48, 0.48, 0.48, 
		 0.48, 0.50, 0.52, 0.52, 0.52, 0.53, 0.55, 0.56, 0.58, 0.64, 
		 0.70, 0.82, 0.94, 0.92, 0.91, 0.89, 0.88, 0.88, 0.12, 0.14},


Processing file Z.JPG...
		{0.00, 0.11, 0.18, 0.32, 0.39, 0.41, 0.43, 0.45, 0.52, 0.55, 
		 0.57, 0.59, 0.61, 0.59, 0.61, 0.59, 0.59, 0.59, 0.59, 0.59, 
		 0.59, 0.59, 0.57, 0.59, 0.59, 0.59, 0.59, 0.55, 0.52, 0.09},
		{0.79, 0.82, 0.85, 0.86, 0.87, 0.87, 0.87, 0.87, 0.87, 0.86, 
		 0.85, 0.79, 0.74, 0.50, 0.26, 0.27, 0.28, 0.28, 0.28, 0.28, 
		 0.28, 0.27, 0.26, 0.26, 0.26, 0.27, 0.28, 0.28, 0.28, 0.28, 
		 0.28, 0.28, 0.28, 0.28, 0.28, 0.27, 0.26, 0.27, 0.28, 0.28, 
		 0.28, 0.28, 0.28, 0.28, 0.28, 0.28, 0.28, 0.27, 0.90, 0.51},


Processing file b1.JPG...
		{0.91, 0.96, 0.98, 0.98, 0.98, 0.96, 0.91, 0.54, 0.33, 0.28, 
		 0.26, 0.24, 0.24, 0.24, 0.26, 0.24, 0.28, 0.28, 0.28, 0.28, 
		 0.33, 0.37, 0.43, 0.63, 0.65, 0.61, 0.59, 0.54, 0.50, 0.00},
		{0.09, 0.12, 0.15, 0.18, 0.21, 0.21, 0.21, 0.21, 0.21, 0.21, 
		 0.21, 0.21, 0.21, 0.21, 0.21, 0.21, 0.21, 0.21, 0.21, 0.21, 
		 0.21, 0.21, 0.21, 0.26, 0.30, 0.42, 0.55, 0.59, 0.64, 0.70, 
		 0.76, 0.80, 0.85, 0.86, 0.88, 0.86, 0.85, 0.76, 0.67, 0.64, 
		 0.61, 0.59, 0.58, 0.56, 0.55, 0.53, 0.52, 0.50, 0.00, 0.00},


Processing file R.JPG...
		{0.91, 0.96, 0.98, 1.00, 1.00, 1.00, 0.98, 0.96, 0.31, 0.29, 
		 0.29, 0.29, 0.29, 0.31, 0.31, 0.31, 0.33, 0.33, 0.36, 0.40, 
		 0.42, 0.44, 0.51, 0.58, 0.64, 0.69, 0.82, 0.82, 0.82, 0.09},
		{0.61, 0.68, 0.75, 0.79, 0.83, 0.85, 0.86, 0.88, 0.89, 0.90, 
		 0.92, 0.93, 0.94, 0.74, 0.53, 0.51, 0.50, 0.50, 0.50, 0.49, 
		 0.47, 0.47, 0.47, 0.46, 0.44, 0.46, 0.47, 0.47, 0.47, 0.47, 
		 0.47, 0.49, 0.50, 0.50, 0.50, 0.53, 0.56, 0.74, 0.92, 0.90, 
		 0.89, 0.88, 0.86, 0.85, 0.83, 0.79, 0.75, 0.72, 0.25, 0.12},


