Processing file д1.JPG...
		{0.12, 0.19, 0.27, 0.27, 0.27, 0.25, 0.23, 0.25, 0.27, 0.29, 
		 0.31, 0.33, 0.35, 0.54, 0.73, 0.65, 0.58, 0.37, 0.15, 0.15, 
		 0.15, 0.15, 0.15, 0.15, 0.15, 0.15, 0.15, 0.15, 0.27, 0.13},
		{0.88, 0.85, 0.81, 0.62, 0.42, 0.38, 0.35, 0.35, 0.35, 0.35, 
		 0.35, 0.35, 0.35, 0.35, 0.35, 0.35, 0.35, 0.35, 0.35, 0.35, 
		 0.35, 0.35, 0.35, 0.35, 0.35, 0.33, 0.31, 0.33, 0.35, 0.35, 
		 0.35, 0.37, 0.38, 0.37, 0.35, 0.37, 0.38, 0.67, 0.96, 0.96, 
		 0.96, 0.69, 0.42, 0.38, 0.35, 0.35, 0.35, 0.31, 0.23, 0.12},


Processing file И.JPG...
		{0.01, 0.02, 0.77, 0.94, 0.90, 0.23, 0.13, 0.11, 0.11, 0.10, 
		 0.10, 0.10, 0.10, 0.10, 0.10, 0.10, 0.10, 0.10, 0.10, 0.10, 
		 0.10, 0.10, 0.10, 0.10, 0.11, 0.13, 0.38, 0.92, 0.95, 0.00},
		{0.02, 0.24, 0.20, 0.19, 0.19, 0.19, 0.20, 0.21, 0.22, 0.24, 
		 0.25, 0.27, 0.28, 0.29, 0.28, 0.28, 0.27, 0.27, 0.27, 0.27, 
		 0.27, 0.27, 0.27, 0.27, 0.27, 0.28, 0.27, 0.28, 0.28, 0.28, 
		 0.28, 0.27, 0.27, 0.27, 0.27, 0.28, 0.28, 0.28, 0.27, 0.27, 
		 0.27, 0.28, 0.28, 0.28, 0.28, 0.28, 0.29, 0.29, 0.30, 0.05},


Processing file г1.JPG...
		{0.19, 0.19, 0.19, 0.19, 0.19, 0.60, 1.00, 1.00, 1.00, 1.00, 
		 1.00, 1.00, 1.00, 1.00, 1.00, 1.00, 1.00, 1.00, 1.00, 1.00, 
		 1.00, 0.62, 0.24, 0.21, 0.19, 0.19, 0.19, 0.19, 0.38, 0.19},
		{1.00, 1.00, 1.00, 1.00, 0.88, 0.76, 0.64, 0.62, 0.61, 0.59, 
		 0.59, 0.59, 0.59, 0.58, 0.56, 0.55, 0.55, 0.55, 0.55, 0.53, 
		 0.52, 0.50, 0.48, 0.47, 0.45, 0.42, 0.39, 0.36, 0.36, 0.36, 
		 0.36, 0.36, 0.36, 0.36, 0.36, 0.36, 0.36, 0.36, 0.36, 0.36, 
		 0.36, 0.36, 0.36, 0.36, 0.36, 0.36, 0.36, 0.23, 0.68, 0.45},


Processing file к1.JPG...
		{0.10, 0.14, 0.19, 0.19, 0.19, 0.24, 0.29, 0.64, 1.00, 1.00, 
		 1.00, 1.00, 1.00, 1.00, 1.00, 1.00, 1.00, 1.00, 1.00, 1.00, 
		 1.00, 0.67, 0.33, 0.38, 0.43, 0.45, 0.48, 0.45, 0.14, 0.07},
		{0.93, 0.89, 0.85, 0.81, 0.70, 0.59, 0.48, 0.46, 0.43, 0.41, 
		 0.41, 0.41, 0.41, 0.40, 0.38, 0.37, 0.37, 0.37, 0.37, 0.38, 
		 0.40, 0.41, 0.42, 0.43, 0.44, 0.47, 0.49, 0.52, 0.53, 0.54, 
		 0.56, 0.57, 0.58, 0.59, 0.59, 0.59, 0.59, 0.58, 0.57, 0.56, 
		 0.56, 0.56, 0.56, 0.56, 0.56, 0.56, 0.57, 0.31, 0.93, 0.62},


Processing file т1.JPG...
		{0.25, 0.30, 0.35, 0.32, 0.30, 0.25, 0.20, 0.20, 0.20, 0.20, 
		 0.20, 0.20, 0.20, 0.60, 1.00, 1.00, 1.00, 1.00, 1.00, 1.00, 
		 1.00, 1.00, 1.00, 1.00, 1.00, 1.00, 1.00, 0.60, 0.40, 0.20},
		{0.95, 0.95, 0.95, 0.95, 0.95, 0.95, 0.95, 0.86, 0.76, 0.67, 
		 0.65, 0.63, 0.62, 0.60, 0.59, 0.57, 0.56, 0.54, 0.52, 0.49, 
		 0.46, 0.43, 0.40, 0.37, 0.33, 0.33, 0.33, 0.33, 0.33, 0.33, 
		 0.33, 0.33, 0.33, 0.33, 0.33, 0.33, 0.33, 0.33, 0.33, 0.33, 
		 0.33, 0.33, 0.33, 0.33, 0.33, 0.33, 0.33, 0.22, 0.67, 0.44},


Processing file Ц.JPG...
		{0.03, 0.07, 0.91, 0.90, 0.90, 0.14, 0.07, 0.05, 0.05, 0.04, 
		 0.04, 0.04, 0.04, 0.04, 0.05, 0.05, 0.05, 0.05, 0.05, 0.05, 
		 0.05, 0.06, 0.08, 0.42, 0.90, 0.90, 0.43, 0.07, 0.07, 0.00},
		{0.24, 0.36, 0.27, 0.25, 0.23, 0.22, 0.21, 0.21, 0.21, 0.20, 
		 0.20, 0.20, 0.19, 0.19, 0.19, 0.19, 0.19, 0.19, 0.19, 0.19, 
		 0.19, 0.19, 0.19, 0.19, 0.19, 0.19, 0.19, 0.19, 0.19, 0.19, 
		 0.19, 0.19, 0.19, 0.19, 0.19, 0.20, 0.20, 0.20, 0.20, 0.20, 
		 0.21, 0.22, 0.25, 0.76, 0.94, 0.97, 0.07, 0.03, 0.02, 0.00},


Processing file ш1.JPG...
		{0.20, 0.20, 1.00, 1.00, 1.00, 1.00, 1.00, 1.00, 1.00, 0.20, 
		 0.20, 0.20, 0.10, 0.10, 0.20, 0.20, 1.00, 1.00, 1.00, 1.00, 
		 1.00, 1.00, 1.00, 0.20, 0.10, 0.10, 0.10, 0.20, 1.00, 0.20},
		{0.87, 0.87, 0.87, 0.87, 0.77, 0.68, 0.58, 0.57, 0.56, 0.55, 
		 0.55, 0.55, 0.55, 0.55, 0.55, 0.55, 0.55, 0.55, 0.55, 0.55, 
		 0.55, 0.55, 0.55, 0.55, 0.55, 0.55, 0.55, 0.55, 0.55, 0.55, 
		 0.55, 0.55, 0.55, 0.55, 0.55, 0.55, 0.55, 0.55, 0.55, 0.55, 
		 0.55, 0.55, 0.55, 0.55, 0.55, 0.55, 0.55, 0.33, 1.00, 0.67},


Processing file ъ1.JPG...
		{0.25, 0.33, 0.40, 0.35, 0.30, 0.28, 0.25, 0.23, 0.20, 0.23, 
		 0.25, 0.23, 0.20, 0.20, 0.20, 0.60, 1.00, 1.00, 1.00, 1.00, 
		 1.00, 1.00, 1.00, 1.00, 1.00, 1.00, 1.00, 1.00, 0.15, 0.07},
		{0.61, 0.61, 0.61, 0.61, 0.55, 0.49, 0.43, 0.42, 0.40, 0.39, 
		 0.39, 0.39, 0.39, 0.38, 0.37, 0.36, 0.35, 0.33, 0.32, 0.32, 
		 0.32, 0.32, 0.37, 0.42, 0.46, 0.51, 0.56, 0.61, 0.60, 0.58, 
		 0.57, 0.56, 0.55, 0.54, 0.52, 0.51, 0.50, 0.51, 0.52, 0.54, 
		 0.54, 0.54, 0.54, 0.54, 0.54, 0.54, 0.52, 0.23, 0.68, 0.45},


Processing file в1.JPG...
		{0.19, 0.19, 0.19, 0.21, 0.24, 0.62, 1.00, 1.00, 1.00, 1.00, 
		 1.00, 0.98, 0.95, 0.95, 0.95, 0.95, 0.95, 0.98, 1.00, 0.67, 
		 0.33, 0.31, 0.29, 0.29, 0.29, 0.31, 0.33, 0.43, 0.33, 0.17},
		{0.61, 0.70, 0.78, 0.87, 0.78, 0.70, 0.61, 0.61, 0.61, 0.61, 
		 0.62, 0.64, 0.65, 0.65, 0.65, 0.65, 0.64, 0.62, 0.61, 0.61, 
		 0.61, 0.61, 0.61, 0.61, 0.61, 0.61, 0.61, 0.61, 0.67, 0.72, 
		 0.78, 0.74, 0.70, 0.65, 0.65, 0.65, 0.65, 0.64, 0.62, 0.61, 
		 0.61, 0.61, 0.61, 0.61, 0.61, 0.61, 0.61, 0.26, 0.78, 0.52},


Processing file ю1.JPG...
		{0.20, 0.20, 0.20, 1.00, 1.00, 1.00, 1.00, 1.00, 1.00, 1.00, 
		 0.30, 0.30, 0.30, 0.40, 0.60, 0.70, 0.80, 0.85, 0.90, 0.95, 
		 0.45, 0.30, 0.20, 0.20, 0.20, 0.25, 0.35, 0.60, 1.00, 0.20},
		{0.61, 0.65, 0.69, 0.72, 0.67, 0.61, 0.56, 0.56, 0.56, 0.56, 
		 0.56, 0.56, 0.56, 0.56, 0.56, 0.56, 0.57, 0.59, 0.61, 0.60, 
		 0.59, 0.58, 0.62, 0.66, 0.69, 0.69, 0.69, 0.69, 0.67, 0.64, 
		 0.61, 0.61, 0.61, 0.61, 0.60, 0.59, 0.58, 0.58, 0.58, 0.58, 
		 0.56, 0.55, 0.53, 0.55, 0.56, 0.58, 0.56, 0.21, 0.64, 0.43},


Processing file О.JPG...
		{0.17, 0.39, 0.52, 0.61, 0.32, 0.23, 0.18, 0.15, 0.13, 0.11, 
		 0.11, 0.10, 0.09, 0.08, 0.08, 0.08, 0.08, 0.08, 0.09, 0.09, 
		 0.10, 0.11, 0.13, 0.15, 0.18, 0.23, 0.33, 0.60, 0.49, 0.00},
		{0.00, 0.24, 0.34, 0.27, 0.22, 0.20, 0.20, 0.20, 0.20, 0.20, 
		 0.19, 0.19, 0.19, 0.19, 0.19, 0.20, 0.19, 0.20, 0.19, 0.19, 
		 0.19, 0.20, 0.20, 0.20, 0.20, 0.21, 0.21, 0.22, 0.21, 0.22, 
		 0.22, 0.22, 0.22, 0.22, 0.22, 0.23, 0.22, 0.23, 0.22, 0.21, 
		 0.22, 0.22, 0.21, 0.20, 0.20, 0.20, 0.20, 0.19, 0.19, 0.12},


Processing file Ь.JPG...
		{0.03, 0.04, 0.07, 0.16, 0.97, 0.97, 0.97, 0.98, 0.98, 0.98, 
		 0.34, 0.18, 0.14, 0.11, 0.09, 0.08, 0.08, 0.09, 0.09, 0.09, 
		 0.09, 0.09, 0.10, 0.11, 0.12, 0.13, 0.16, 0.17, 0.19, 0.06},
		{0.00, 0.36, 0.28, 0.23, 0.20, 0.19, 0.18, 0.18, 0.18, 0.18, 
		 0.17, 0.17, 0.17, 0.17, 0.17, 0.17, 0.17, 0.17, 0.17, 0.17, 
		 0.16, 0.16, 0.16, 0.16, 0.15, 0.15, 0.15, 0.42, 0.56, 0.63, 
		 0.45, 0.40, 0.38, 0.38, 0.37, 0.36, 0.36, 0.35, 0.35, 0.36, 
		 0.35, 0.36, 0.35, 0.35, 0.34, 0.34, 0.33, 0.33, 0.32, 0.13},


Processing file п1.JPG...
		{0.19, 0.19, 0.19, 0.24, 0.29, 0.64, 1.00, 1.00, 1.00, 1.00, 
		 1.00, 1.00, 1.00, 1.00, 1.00, 1.00, 1.00, 1.00, 1.00, 0.62, 
		 0.24, 0.21, 0.19, 0.14, 0.10, 0.10, 0.10, 0.10, 0.19, 0.10},
		{1.00, 1.00, 1.00, 1.00, 0.85, 0.70, 0.56, 0.54, 0.53, 0.52, 
		 0.52, 0.52, 0.52, 0.52, 0.52, 0.52, 0.52, 0.52, 0.52, 0.52, 
		 0.52, 0.52, 0.52, 0.52, 0.52, 0.52, 0.52, 0.52, 0.52, 0.52, 
		 0.52, 0.52, 0.52, 0.52, 0.52, 0.52, 0.52, 0.52, 0.52, 0.52, 
		 0.52, 0.52, 0.52, 0.52, 0.52, 0.52, 0.52, 0.30, 0.89, 0.59},


Processing file Thumbs.db...
Couldn't open file Thumbs.db
Processing file Я.JPG...
		{0.00, 0.01, 0.03, 0.04, 0.06, 0.09, 0.11, 0.34, 0.43, 0.50, 
		 0.55, 0.54, 0.40, 0.35, 0.32, 0.30, 0.27, 0.25, 0.22, 0.19, 
		 0.17, 0.13, 0.11, 0.10, 0.08, 0.10, 0.12, 0.54, 0.98, 0.03},
		{0.07, 0.53, 0.49, 0.36, 0.32, 0.29, 0.27, 0.27, 0.26, 0.26, 
		 0.26, 0.26, 0.26, 0.26, 0.26, 0.26, 0.26, 0.26, 0.26, 0.26, 
		 0.27, 0.27, 0.28, 0.27, 0.28, 0.28, 0.28, 0.27, 0.27, 0.27, 
		 0.28, 0.28, 0.29, 0.29, 0.33, 0.50, 0.39, 0.27, 0.28, 0.29, 
		 0.29, 0.31, 0.31, 0.32, 0.31, 0.32, 0.32, 0.32, 0.32, 0.30},


Processing file з1.JPG...
		{0.24, 0.33, 0.43, 0.48, 0.52, 0.48, 0.43, 0.40, 0.38, 0.38, 
		 0.38, 0.33, 0.29, 0.29, 0.29, 0.29, 0.29, 0.31, 0.33, 0.43, 
		 0.52, 0.64, 0.76, 0.83, 0.90, 0.88, 0.86, 0.86, 0.14, 0.07},
		{0.45, 0.55, 0.65, 0.75, 0.70, 0.65, 0.60, 0.58, 0.57, 0.55, 
		 0.52, 0.48, 0.45, 0.42, 0.38, 0.35, 0.35, 0.35, 0.35, 0.35, 
		 0.35, 0.35, 0.35, 0.35, 0.35, 0.40, 0.45, 0.50, 0.57, 0.63, 
		 0.70, 0.58, 0.47, 0.35, 0.37, 0.38, 0.40, 0.40, 0.40, 0.40, 
		 0.43, 0.47, 0.50, 0.52, 0.53, 0.55, 0.55, 0.10, 0.30, 0.20},


Processing file й1.JPG...
		{0.13, 0.13, 0.13, 0.42, 0.70, 0.70, 0.70, 0.70, 0.70, 0.73, 
		 0.77, 0.78, 0.80, 0.80, 0.80, 0.80, 0.80, 0.63, 0.47, 0.42, 
		 0.37, 0.33, 0.30, 0.25, 0.20, 0.20, 0.20, 0.27, 0.13, 0.07},
		{0.12, 0.17, 0.23, 0.29, 0.35, 0.40, 0.46, 0.42, 0.38, 0.35, 
		 0.31, 0.15, 0.00, 0.00, 0.00, 0.00, 0.00, 0.46, 0.92, 0.92, 
		 0.92, 0.77, 0.62, 0.58, 0.54, 0.54, 0.54, 0.54, 0.54, 0.56, 
		 0.58, 0.60, 0.62, 0.62, 0.62, 0.62, 0.62, 0.62, 0.62, 0.63, 
		 0.65, 0.65, 0.65, 0.65, 0.65, 0.63, 0.62, 0.62, 0.92, 0.46},


Processing file К.JPG...
		{0.01, 0.04, 0.15, 0.99, 0.99, 0.99, 0.32, 0.13, 0.15, 0.19, 
		 0.23, 0.23, 0.23, 0.23, 0.23, 0.22, 0.22, 0.23, 0.22, 0.23, 
		 0.23, 0.25, 0.25, 0.22, 0.19, 0.15, 0.14, 0.12, 0.09, 0.02},
		{0.21, 0.40, 0.31, 0.27, 0.25, 0.24, 0.21, 0.21, 0.21, 0.20, 
		 0.20, 0.19, 0.19, 0.19, 0.19, 0.19, 0.19, 0.19, 0.19, 0.19, 
		 0.18, 0.18, 0.18, 0.19, 0.19, 0.19, 0.18, 0.19, 0.20, 0.25, 
		 0.26, 0.27, 0.27, 0.27, 0.28, 0.28, 0.28, 0.28, 0.28, 0.28, 
		 0.28, 0.27, 0.28, 0.28, 0.28, 0.28, 0.28, 0.29, 0.29, 0.36},


Processing file щ1.JPG...
		{0.16, 0.16, 0.16, 0.80, 0.80, 0.80, 0.80, 0.80, 0.80, 0.80, 
		 0.16, 0.16, 0.16, 0.08, 0.16, 0.16, 0.16, 0.80, 0.80, 0.80, 
		 0.80, 0.80, 0.80, 0.80, 0.16, 0.16, 0.08, 0.16, 0.16, 0.36},
		{0.95, 0.95, 0.95, 0.95, 0.82, 0.68, 0.55, 0.54, 0.53, 0.53, 
		 0.53, 0.53, 0.53, 0.53, 0.53, 0.53, 0.53, 0.53, 0.53, 0.53, 
		 0.53, 0.53, 0.53, 0.53, 0.53, 0.53, 0.53, 0.53, 0.53, 0.53, 
		 0.53, 0.53, 0.53, 0.53, 0.53, 0.53, 0.53, 0.53, 0.53, 0.53, 
		 0.53, 0.53, 0.53, 0.53, 0.53, 0.53, 0.53, 0.03, 0.07, 0.05},


Processing file м1.JPG...
		{0.19, 0.21, 0.24, 0.45, 0.67, 0.83, 1.00, 0.74, 0.48, 0.45, 
		 0.43, 0.48, 0.52, 0.57, 0.62, 0.64, 0.67, 0.69, 0.71, 0.71, 
		 0.71, 0.74, 0.76, 0.71, 0.67, 0.60, 0.52, 0.38, 0.19, 0.10},
		{0.70, 0.70, 0.70, 0.70, 0.64, 0.59, 0.53, 0.54, 0.56, 0.57, 
		 0.58, 0.59, 0.60, 0.60, 0.60, 0.60, 0.60, 0.60, 0.60, 0.59, 
		 0.58, 0.57, 0.58, 0.59, 0.60, 0.59, 0.58, 0.57, 0.58, 0.59, 
		 0.60, 0.58, 0.56, 0.53, 0.54, 0.56, 0.57, 0.54, 0.52, 0.50, 
		 0.50, 0.50, 0.50, 0.48, 0.46, 0.43, 0.43, 0.23, 0.70, 0.47},


Processing file Б.JPG...
		{0.00, 0.01, 0.04, 0.07, 0.14, 0.76, 0.97, 0.98, 0.97, 0.61, 
		 0.20, 0.15, 0.14, 0.13, 0.13, 0.13, 0.13, 0.14, 0.14, 0.15, 
		 0.17, 0.18, 0.22, 0.27, 0.35, 0.32, 0.39, 0.33, 0.28, 0.00},
		{0.00, 0.78, 0.74, 0.71, 0.32, 0.25, 0.21, 0.19, 0.18, 0.15, 
		 0.15, 0.15, 0.15, 0.15, 0.14, 0.14, 0.14, 0.14, 0.14, 0.14, 
		 0.13, 0.13, 0.13, 0.13, 0.13, 0.13, 0.13, 0.31, 0.45, 0.53, 
		 0.40, 0.36, 0.35, 0.34, 0.34, 0.32, 0.32, 0.32, 0.31, 0.31, 
		 0.31, 0.30, 0.30, 0.31, 0.30, 0.30, 0.30, 0.30, 0.29, 0.16},


Processing file Ю.JPG...
		{0.04, 0.12, 0.98, 0.98, 0.12, 0.08, 0.05, 0.05, 0.05, 0.05, 
		 0.06, 0.39, 0.56, 0.37, 0.24, 0.18, 0.15, 0.12, 0.11, 0.10, 
		 0.09, 0.09, 0.09, 0.09, 0.10, 0.11, 0.12, 0.15, 0.19, 0.08},
		{0.10, 0.34, 0.37, 0.30, 0.26, 0.24, 0.22, 0.22, 0.21, 0.21, 
		 0.21, 0.21, 0.20, 0.20, 0.20, 0.20, 0.20, 0.21, 0.21, 0.21, 
		 0.21, 0.21, 0.21, 0.21, 0.21, 0.21, 0.22, 0.22, 0.22, 0.22, 
		 0.42, 0.42, 0.42, 0.22, 0.22, 0.21, 0.21, 0.21, 0.21, 0.21, 
		 0.21, 0.21, 0.21, 0.21, 0.21, 0.21, 0.21, 0.21, 0.20, 0.16},


Processing file а1.JPG...
		{0.22, 0.33, 0.43, 0.46, 0.48, 0.54, 0.61, 0.65, 0.70, 0.67, 
		 0.65, 0.57, 0.48, 0.41, 0.35, 0.33, 0.30, 0.28, 0.26, 0.24, 
		 0.22, 0.26, 0.30, 0.52, 0.74, 0.78, 0.83, 0.85, 0.04, 0.02},
		{0.00, 0.00, 0.00, 0.00, 0.10, 0.20, 0.30, 0.41, 0.51, 0.61, 
		 0.59, 0.58, 0.57, 0.57, 0.57, 0.57, 0.57, 0.57, 0.57, 0.57, 
		 0.57, 0.57, 0.55, 0.54, 0.52, 0.45, 0.38, 0.30, 0.32, 0.33, 
		 0.35, 0.38, 0.41, 0.43, 0.43, 0.43, 0.43, 0.45, 0.46, 0.48, 
		 0.48, 0.48, 0.48, 0.49, 0.51, 0.52, 0.52, 0.10, 0.30, 0.20},


Processing file Э.JPG...
		{0.00, 0.25, 0.19, 0.15, 0.13, 0.12, 0.11, 0.10, 0.10, 0.09, 
		 0.09, 0.09, 0.09, 0.09, 0.28, 0.20, 0.17, 0.17, 0.17, 0.17, 
		 0.18, 0.19, 0.20, 0.21, 0.23, 0.26, 0.30, 0.37, 0.54, 0.00},
		{0.24, 0.45, 0.62, 0.42, 0.33, 0.28, 0.23, 0.20, 0.18, 0.18, 
		 0.17, 0.15, 0.15, 0.14, 0.14, 0.14, 0.13, 0.13, 0.13, 0.13, 
		 0.13, 0.13, 0.13, 0.13, 0.12, 0.14, 0.14, 0.15, 0.18, 0.34, 
		 0.56, 0.56, 0.55, 0.18, 0.15, 0.14, 0.13, 0.12, 0.12, 0.11, 
		 0.11, 0.10, 0.10, 0.10, 0.10, 0.10, 0.10, 0.10, 0.09, 0.00},


Processing file А.JPG...
		{0.01, 0.02, 0.02, 0.05, 0.10, 0.17, 0.24, 0.24, 0.21, 0.20, 
		 0.23, 0.25, 0.25, 0.25, 0.27, 0.31, 0.29, 0.28, 0.28, 0.28, 
		 0.22, 0.22, 0.25, 0.33, 0.25, 0.18, 0.11, 0.06, 0.03, 0.00},
		{0.00, 0.02, 0.03, 0.04, 0.05, 0.06, 0.07, 0.08, 0.09, 0.10, 
		 0.12, 0.13, 0.14, 0.15, 0.16, 0.17, 0.18, 0.17, 0.16, 0.17, 
		 0.18, 0.17, 0.17, 0.17, 0.17, 0.17, 0.17, 0.17, 0.16, 0.18, 
		 0.18, 0.17, 0.17, 0.18, 0.18, 0.18, 0.18, 0.19, 0.47, 0.48, 
		 0.50, 0.18, 0.18, 0.18, 0.18, 0.18, 0.18, 0.18, 0.18, 0.37},


Processing file Ы.JPG...
		{0.03, 0.07, 0.98, 0.98, 0.99, 0.35, 0.14, 0.09, 0.08, 0.08, 
		 0.09, 0.10, 0.12, 0.15, 0.19, 0.27, 0.41, 0.34, 0.24, 0.00, 
		 0.00, 0.00, 0.00, 0.00, 0.00, 0.00, 0.00, 0.03, 0.06, 0.04},
		{0.12, 0.37, 0.28, 0.24, 0.23, 0.21, 0.21, 0.21, 0.19, 0.19, 
		 0.19, 0.19, 0.19, 0.19, 0.19, 0.19, 0.19, 0.19, 0.19, 0.18, 
		 0.18, 0.18, 0.18, 0.18, 0.18, 0.18, 0.18, 0.37, 0.44, 0.47, 
		 0.33, 0.31, 0.30, 0.30, 0.30, 0.29, 0.29, 0.29, 0.29, 0.29, 
		 0.29, 0.29, 0.29, 0.29, 0.29, 0.29, 0.28, 0.28, 0.28, 0.21},


Processing file М.JPG...
		{0.01, 0.02, 0.09, 0.29, 0.63, 0.71, 0.26, 0.22, 0.22, 0.21, 
		 0.21, 0.21, 0.21, 0.21, 0.21, 0.22, 0.15, 0.15, 0.15, 0.14, 
		 0.15, 0.14, 0.14, 0.14, 0.15, 0.15, 0.49, 0.99, 0.57, 0.01},
		{0.01, 0.04, 0.05, 0.06, 0.08, 0.09, 0.10, 0.12, 0.13, 0.14, 
		 0.16, 0.17, 0.18, 0.20, 0.22, 0.23, 0.25, 0.26, 0.27, 0.29, 
		 0.29, 0.29, 0.28, 0.29, 0.29, 0.28, 0.28, 0.27, 0.29, 0.27, 
		 0.28, 0.28, 0.28, 0.27, 0.29, 0.28, 0.28, 0.29, 0.28, 0.28, 
		 0.28, 0.29, 0.29, 0.30, 0.29, 0.30, 0.30, 0.30, 0.30, 0.22},


Processing file Ф.JPG...
		{0.00, 0.27, 0.40, 0.49, 0.55, 0.32, 0.25, 0.20, 0.16, 0.14, 
		 0.12, 0.11, 0.12, 0.13, 0.30, 0.99, 0.99, 0.99, 0.31, 0.14, 
		 0.13, 0.11, 0.11, 0.14, 0.16, 0.19, 0.25, 0.32, 0.54, 0.00},
		{0.05, 0.25, 0.18, 0.15, 0.14, 0.13, 0.17, 0.35, 0.45, 0.40, 
		 0.39, 0.37, 0.36, 0.34, 0.35, 0.34, 0.35, 0.35, 0.35, 0.36, 
		 0.35, 0.36, 0.36, 0.36, 0.36, 0.37, 0.35, 0.36, 0.36, 0.35, 
		 0.35, 0.35, 0.35, 0.36, 0.35, 0.36, 0.35, 0.35, 0.36, 0.36, 
		 0.36, 0.37, 0.36, 0.35, 0.37, 0.37, 0.36, 0.36, 0.36, 0.27},


Processing file З.JPG...
		{0.05, 0.15, 0.15, 0.16, 0.15, 0.13, 0.11, 0.09, 0.13, 0.12, 
		 0.12, 0.12, 0.12, 0.12, 0.12, 0.13, 0.16, 0.18, 0.20, 0.23, 
		 0.25, 0.31, 0.37, 0.51, 0.49, 0.48, 0.48, 0.48, 0.53, 0.11},
		{0.00, 0.48, 0.55, 0.35, 0.30, 0.25, 0.25, 0.24, 0.23, 0.20, 
		 0.19, 0.19, 0.19, 0.18, 0.18, 0.18, 0.17, 0.17, 0.16, 0.15, 
		 0.15, 0.15, 0.14, 0.14, 0.14, 0.14, 0.13, 0.16, 0.31, 0.45, 
		 0.33, 0.25, 0.23, 0.22, 0.22, 0.22, 0.22, 0.21, 0.21, 0.20, 
		 0.20, 0.19, 0.19, 0.19, 0.18, 0.18, 0.18, 0.20, 0.22, 0.10},


Processing file и1.JPG...
		{0.19, 0.19, 0.19, 0.21, 0.24, 0.62, 1.00, 1.00, 1.00, 1.00, 
		 1.00, 1.00, 1.00, 1.00, 1.00, 1.00, 1.00, 1.00, 1.00, 0.71, 
		 0.43, 0.38, 0.33, 0.36, 0.38, 0.29, 0.19, 0.26, 0.19, 0.10},
		{0.96, 0.96, 0.96, 0.96, 0.84, 0.72, 0.59, 0.57, 0.54, 0.52, 
		 0.52, 0.52, 0.52, 0.53, 0.54, 0.56, 0.56, 0.56, 0.56, 0.57, 
		 0.58, 0.59, 0.60, 0.62, 0.63, 0.63, 0.63, 0.63, 0.63, 0.63, 
		 0.63, 0.62, 0.60, 0.59, 0.60, 0.62, 0.63, 0.63, 0.63, 0.63, 
		 0.62, 0.60, 0.59, 0.58, 0.57, 0.56, 0.54, 0.32, 0.96, 0.64},


Processing file Ч.JPG...
		{0.02, 0.02, 0.04, 0.31, 0.38, 0.42, 0.44, 0.45, 0.47, 0.26, 
		 0.16, 0.11, 0.09, 0.07, 0.06, 0.06, 0.05, 0.04, 0.04, 0.04, 
		 0.04, 0.04, 0.05, 0.05, 0.08, 0.09, 0.13, 0.28, 0.99, 0.02},
		{0.02, 0.71, 0.52, 0.43, 0.38, 0.37, 0.35, 0.34, 0.33, 0.33, 
		 0.32, 0.31, 0.31, 0.31, 0.31, 0.31, 0.31, 0.31, 0.32, 0.32, 
		 0.31, 0.32, 0.32, 0.32, 0.33, 0.34, 0.37, 0.42, 0.50, 0.67, 
		 0.59, 0.35, 0.14, 0.14, 0.14, 0.14, 0.14, 0.14, 0.14, 0.14, 
		 0.14, 0.14, 0.14, 0.15, 0.15, 0.15, 0.15, 0.16, 0.16, 0.28},


Processing file Ш.JPG...
		{0.03, 0.08, 0.99, 0.99, 0.14, 0.08, 0.06, 0.06, 0.05, 0.05, 
		 0.05, 0.06, 0.06, 0.08, 0.27, 1.00, 0.99, 0.09, 0.07, 0.06, 
		 0.05, 0.06, 0.05, 0.05, 0.05, 0.08, 0.10, 0.99, 1.00, 0.00},
		{0.40, 0.42, 0.33, 0.30, 0.28, 0.26, 0.26, 0.25, 0.23, 0.23, 
		 0.23, 0.23, 0.23, 0.23, 0.23, 0.22, 0.21, 0.21, 0.21, 0.21, 
		 0.21, 0.21, 0.21, 0.21, 0.21, 0.21, 0.21, 0.21, 0.21, 0.21, 
		 0.21, 0.22, 0.21, 0.21, 0.21, 0.22, 0.22, 0.22, 0.21, 0.22, 
		 0.21, 0.22, 0.22, 0.22, 0.22, 0.22, 0.22, 0.23, 0.23, 0.74},


Processing file Ё.JPG...
		{0.00, 0.81, 0.81, 0.81, 0.81, 0.81, 0.81, 0.81, 0.81, 0.30, 
		 0.29, 0.39, 0.39, 0.39, 0.39, 0.39, 0.39, 0.39, 0.39, 0.36, 
		 0.29, 0.29, 0.29, 0.29, 0.29, 0.29, 0.29, 0.39, 0.39, 0.09},
		{0.00, 0.00, 0.00, 0.37, 0.35, 0.37, 0.35, 0.37, 0.37, 0.37, 
		 0.37, 0.00, 0.00, 0.00, 0.00, 0.94, 0.94, 0.94, 0.94, 0.94, 
		 0.94, 0.94, 0.90, 0.16, 0.16, 0.16, 0.16, 0.16, 0.16, 0.16, 
		 0.16, 0.16, 0.16, 0.16, 0.16, 0.16, 0.16, 0.16, 0.16, 0.16, 
		 0.16, 0.16, 0.88, 0.88, 0.88, 0.88, 0.88, 0.88, 0.88, 0.98},


Processing file С.JPG...
		{0.00, 0.31, 0.45, 0.54, 0.62, 0.39, 0.30, 0.25, 0.21, 0.20, 
		 0.17, 0.15, 0.14, 0.13, 0.12, 0.11, 0.10, 0.10, 0.10, 0.09, 
		 0.08, 0.08, 0.08, 0.09, 0.08, 0.09, 0.10, 0.11, 0.12, 0.00},
		{0.00, 0.38, 0.55, 0.42, 0.29, 0.24, 0.19, 0.16, 0.15, 0.13, 
		 0.12, 0.12, 0.09, 0.10, 0.09, 0.10, 0.10, 0.10, 0.11, 0.11, 
		 0.11, 0.11, 0.11, 0.11, 0.12, 0.12, 0.12, 0.12, 0.12, 0.12, 
		 0.12, 0.12, 0.13, 0.13, 0.13, 0.13, 0.13, 0.13, 0.14, 0.13, 
		 0.13, 0.13, 0.13, 0.14, 0.14, 0.14, 0.15, 0.15, 0.15, 0.12},


Processing file я1.JPG...
		{0.10, 0.20, 0.30, 0.45, 0.60, 0.62, 0.65, 0.75, 0.85, 0.90, 
		 0.95, 0.97, 1.00, 1.00, 1.00, 0.97, 0.95, 0.77, 0.60, 0.53, 
		 0.45, 0.38, 0.30, 0.30, 0.30, 0.30, 0.30, 0.65, 0.20, 0.10},
		{0.83, 0.86, 0.88, 0.91, 0.84, 0.77, 0.70, 0.68, 0.67, 0.65, 
		 0.65, 0.65, 0.65, 0.65, 0.65, 0.65, 0.64, 0.62, 0.61, 0.61, 
		 0.61, 0.61, 0.61, 0.61, 0.61, 0.64, 0.67, 0.70, 0.68, 0.67, 
		 0.65, 0.64, 0.62, 0.61, 0.61, 0.61, 0.61, 0.61, 0.61, 0.61, 
		 0.62, 0.64, 0.65, 0.65, 0.65, 0.65, 0.65, 0.29, 0.87, 0.58},


Processing file б1.JPG...
		{0.24, 0.36, 0.48, 0.50, 0.52, 0.55, 0.58, 0.61, 0.64, 0.65, 
		 0.67, 0.68, 0.70, 0.71, 0.73, 0.59, 0.45, 0.41, 0.36, 0.36, 
		 0.36, 0.35, 0.33, 0.32, 0.30, 0.30, 0.30, 0.32, 0.00, 0.00},
		{0.00, 0.02, 0.04, 0.08, 0.12, 0.35, 0.58, 0.62, 0.65, 0.67, 
		 0.69, 0.69, 0.69, 0.65, 0.62, 0.60, 0.58, 0.38, 0.19, 0.17, 
		 0.15, 0.13, 0.12, 0.21, 0.31, 0.42, 0.54, 0.56, 0.58, 0.56, 
		 0.54, 0.56, 0.58, 0.60, 0.62, 0.60, 0.58, 0.60, 0.62, 0.62, 
		 0.62, 0.62, 0.62, 0.62, 0.62, 0.60, 0.58, 0.58, 0.19, 0.10},


Processing file э1.JPG...
		{0.25, 0.33, 0.40, 0.40, 0.40, 0.43, 0.45, 0.47, 0.50, 0.45, 
		 0.40, 0.38, 0.35, 0.35, 0.35, 0.38, 0.40, 0.40, 0.40, 0.45, 
		 0.50, 0.55, 0.60, 0.70, 0.80, 0.88, 0.95, 0.93, 0.25, 0.12},
		{0.48, 0.54, 0.60, 0.67, 0.63, 0.60, 0.57, 0.56, 0.54, 0.52, 
		 0.52, 0.52, 0.52, 0.51, 0.49, 0.48, 0.46, 0.44, 0.43, 0.40, 
		 0.37, 0.33, 0.49, 0.65, 0.81, 0.81, 0.81, 0.81, 0.67, 0.52, 
		 0.38, 0.38, 0.38, 0.38, 0.40, 0.41, 0.43, 0.41, 0.40, 0.38, 
		 0.38, 0.38, 0.38, 0.40, 0.41, 0.43, 0.48, 0.17, 0.52, 0.35},


Processing file Ъ.JPG...
		{0.00, 0.11, 0.07, 0.06, 0.05, 0.05, 0.04, 0.04, 0.04, 0.06, 
		 0.08, 0.21, 0.96, 0.96, 0.96, 0.27, 0.13, 0.11, 0.08, 0.08, 
		 0.08, 0.10, 0.10, 0.11, 0.14, 0.16, 0.20, 0.28, 0.40, 0.07},
		{0.00, 0.29, 0.51, 0.48, 0.29, 0.19, 0.16, 0.15, 0.14, 0.12, 
		 0.12, 0.12, 0.12, 0.11, 0.11, 0.11, 0.11, 0.11, 0.11, 0.11, 
		 0.11, 0.11, 0.11, 0.11, 0.11, 0.11, 0.11, 0.11, 0.31, 0.39, 
		 0.44, 0.30, 0.29, 0.27, 0.27, 0.26, 0.25, 0.25, 0.25, 0.25, 
		 0.24, 0.25, 0.24, 0.24, 0.24, 0.24, 0.23, 0.24, 0.24, 0.09},


Processing file е1.JPG...
		{0.38, 0.43, 0.48, 0.55, 0.62, 0.67, 0.71, 0.76, 0.81, 0.83, 
		 0.86, 0.88, 0.90, 0.81, 0.71, 0.62, 0.52, 0.52, 0.52, 0.48, 
		 0.43, 0.40, 0.38, 0.38, 0.38, 0.38, 0.38, 0.40, 0.29, 0.14},
		{0.33, 0.43, 0.52, 0.62, 0.59, 0.56, 0.52, 0.51, 0.49, 0.48, 
		 0.51, 0.54, 0.57, 0.59, 0.60, 0.62, 0.75, 0.87, 1.00, 1.00, 
		 1.00, 1.00, 0.78, 0.56, 0.33, 0.33, 0.33, 0.33, 0.33, 0.33, 
		 0.33, 0.35, 0.37, 0.38, 0.38, 0.38, 0.38, 0.38, 0.38, 0.38, 
		 0.38, 0.38, 0.38, 0.38, 0.38, 0.38, 0.41, 0.08, 0.24, 0.16},


Processing file Ж.JPG...
		{0.01, 0.03, 0.08, 0.12, 0.18, 0.23, 0.23, 0.21, 0.21, 0.21, 
		 0.21, 0.20, 0.20, 0.21, 0.15, 0.30, 0.98, 0.98, 0.14, 0.21, 
		 0.21, 0.21, 0.21, 0.21, 0.21, 0.21, 0.22, 0.23, 0.18, 0.00},
		{0.00, 0.44, 0.31, 0.26, 0.24, 0.22, 0.21, 0.19, 0.19, 0.18, 
		 0.18, 0.18, 0.17, 0.17, 0.16, 0.17, 0.16, 0.17, 0.16, 0.15, 
		 0.15, 0.15, 0.15, 0.15, 0.16, 0.15, 0.16, 0.16, 0.18, 0.21, 
		 0.23, 0.25, 0.25, 0.25, 0.25, 0.25, 0.24, 0.24, 0.24, 0.24, 
		 0.24, 0.25, 0.25, 0.25, 0.25, 0.25, 0.25, 0.25, 0.25, 0.28},


Processing file ц1.JPG...
		{0.15, 0.46, 0.77, 0.77, 0.77, 0.77, 0.77, 0.77, 0.77, 0.77, 
		 0.77, 0.77, 0.77, 0.77, 0.77, 0.46, 0.15, 0.15, 0.15, 0.15, 
		 0.15, 0.13, 0.12, 0.13, 0.15, 0.15, 0.15, 0.15, 0.31, 0.15},
		{1.00, 0.96, 0.92, 0.75, 0.58, 0.56, 0.54, 0.54, 0.54, 0.54, 
		 0.54, 0.54, 0.54, 0.54, 0.54, 0.54, 0.54, 0.54, 0.54, 0.54, 
		 0.54, 0.54, 0.54, 0.54, 0.54, 0.54, 0.54, 0.54, 0.54, 0.54, 
		 0.54, 0.54, 0.54, 0.54, 0.54, 0.75, 0.96, 0.98, 1.00, 0.63, 
		 0.27, 0.25, 0.23, 0.21, 0.19, 0.17, 0.15, 0.15, 0.15, 0.08},


Processing file Т.JPG...
		{0.06, 0.11, 0.08, 0.07, 0.06, 0.05, 0.05, 0.05, 0.05, 0.04, 
		 0.04, 0.05, 0.07, 0.11, 0.96, 0.96, 0.96, 0.96, 0.11, 0.07, 
		 0.06, 0.05, 0.05, 0.05, 0.05, 0.05, 0.06, 0.07, 0.09, 0.00},
		{0.09, 0.19, 0.97, 0.97, 0.97, 0.44, 0.24, 0.19, 0.16, 0.16, 
		 0.13, 0.13, 0.13, 0.13, 0.13, 0.13, 0.13, 0.13, 0.13, 0.13, 
		 0.13, 0.13, 0.13, 0.13, 0.12, 0.12, 0.12, 0.12, 0.12, 0.12, 
		 0.12, 0.12, 0.12, 0.12, 0.12, 0.12, 0.12, 0.12, 0.12, 0.12, 
		 0.12, 0.12, 0.12, 0.12, 0.12, 0.12, 0.12, 0.13, 0.13, 0.01},


Processing file ч1.JPG...
		{0.10, 0.10, 0.10, 0.30, 0.50, 0.55, 0.60, 0.60, 0.60, 0.62, 
		 0.65, 0.65, 0.65, 0.68, 0.70, 0.70, 0.70, 0.50, 0.30, 0.28, 
		 0.25, 0.20, 0.15, 0.10, 0.05, 0.17, 0.30, 0.28, 0.20, 0.10},
		{0.96, 0.96, 0.96, 0.96, 0.86, 0.76, 0.65, 0.62, 0.58, 0.54, 
		 0.54, 0.54, 0.54, 0.54, 0.54, 0.54, 0.54, 0.54, 0.54, 0.54, 
		 0.54, 0.54, 0.54, 0.54, 0.54, 0.54, 0.54, 0.54, 0.54, 0.54, 
		 0.54, 0.58, 0.62, 0.65, 0.64, 0.63, 0.62, 0.55, 0.49, 0.42, 
		 0.37, 0.32, 0.27, 0.27, 0.27, 0.27, 0.27, 0.17, 0.50, 0.33},


Processing file ь1.JPG...
		{0.20, 0.20, 0.20, 0.60, 1.00, 1.00, 1.00, 1.00, 1.00, 1.00, 
		 1.00, 1.00, 1.00, 1.00, 1.00, 1.00, 1.00, 0.62, 0.25, 0.25, 
		 0.25, 0.28, 0.30, 0.30, 0.30, 0.35, 0.40, 0.50, 0.25, 0.12},
		{0.57, 0.57, 0.57, 0.57, 0.49, 0.41, 0.33, 0.33, 0.33, 0.33, 
		 0.33, 0.33, 0.33, 0.33, 0.33, 0.33, 0.33, 0.33, 0.33, 0.33, 
		 0.33, 0.33, 0.41, 0.49, 0.57, 0.65, 0.73, 0.81, 0.78, 0.75, 
		 0.71, 0.70, 0.68, 0.67, 0.67, 0.67, 0.67, 0.67, 0.67, 0.67, 
		 0.67, 0.67, 0.67, 0.67, 0.67, 0.67, 0.68, 0.29, 0.86, 0.57},


Processing file Г.JPG...
		{0.01, 0.02, 0.03, 0.05, 0.11, 0.35, 0.99, 0.99, 0.98, 0.98, 
		 0.98, 0.40, 0.12, 0.08, 0.07, 0.06, 0.05, 0.05, 0.05, 0.05, 
		 0.05, 0.05, 0.05, 0.06, 0.06, 0.06, 0.07, 0.07, 0.07, 0.07},
		{0.05, 0.96, 0.91, 0.88, 0.51, 0.32, 0.27, 0.24, 0.23, 0.20, 
		 0.19, 0.19, 0.19, 0.19, 0.19, 0.18, 0.18, 0.18, 0.18, 0.18, 
		 0.18, 0.18, 0.18, 0.18, 0.18, 0.18, 0.18, 0.18, 0.18, 0.18, 
		 0.18, 0.18, 0.18, 0.18, 0.18, 0.18, 0.18, 0.18, 0.18, 0.18, 
		 0.18, 0.19, 0.19, 0.19, 0.19, 0.19, 0.19, 0.19, 0.19, 0.80},


Processing file Л.JPG...
		{0.00, 0.01, 0.02, 0.04, 0.07, 0.11, 0.17, 0.24, 0.31, 0.23, 
		 0.22, 0.20, 0.20, 0.19, 0.20, 0.21, 0.23, 0.25, 0.25, 0.23, 
		 0.23, 0.22, 0.21, 0.22, 0.22, 0.22, 0.25, 0.32, 0.25, 0.02},
		{0.00, 0.02, 0.03, 0.05, 0.05, 0.06, 0.07, 0.08, 0.10, 0.11, 
		 0.12, 0.14, 0.15, 0.16, 0.17, 0.19, 0.18, 0.18, 0.17, 0.17, 
		 0.17, 0.17, 0.17, 0.17, 0.17, 0.17, 0.17, 0.17, 0.18, 0.18, 
		 0.17, 0.17, 0.18, 0.17, 0.17, 0.18, 0.17, 0.17, 0.18, 0.17, 
		 0.17, 0.17, 0.18, 0.18, 0.18, 0.18, 0.18, 0.18, 0.19, 0.04},


Processing file р1.JPG...
		{0.10, 0.12, 0.13, 0.53, 0.93, 0.93, 0.93, 0.93, 0.93, 0.95, 
		 0.97, 0.97, 0.97, 0.98, 1.00, 1.00, 1.00, 1.00, 1.00, 0.63, 
		 0.27, 0.23, 0.20, 0.22, 0.23, 0.23, 0.23, 0.20, 0.27, 0.13},
		{0.44, 0.52, 0.60, 0.70, 0.80, 0.78, 0.76, 0.72, 0.68, 0.64, 
		 0.60, 0.62, 0.64, 0.64, 0.64, 0.62, 0.60, 0.60, 0.60, 0.60, 
		 0.60, 0.60, 0.60, 0.60, 0.60, 0.60, 0.60, 0.60, 0.60, 0.60, 
		 0.60, 0.60, 0.60, 0.62, 0.64, 0.70, 0.76, 0.72, 0.68, 0.50, 
		 0.32, 0.32, 0.32, 0.32, 0.32, 0.32, 0.32, 0.32, 0.56, 0.28},


Processing file Й.JPG...
		{0.82, 0.82, 0.82, 0.82, 0.82, 0.82, 0.82, 0.82, 0.18, 0.19, 
		 0.19, 0.19, 0.19, 0.23, 0.24, 0.27, 0.28, 0.29, 0.29, 0.25, 
		 0.27, 0.27, 0.24, 0.25, 0.24, 0.25, 0.25, 0.24, 0.27, 0.82},
		{0.20, 0.24, 0.24, 0.26, 0.32, 0.42, 0.38, 0.34, 0.28, 0.20, 
		 0.00, 0.00, 0.00, 0.00, 0.36, 0.38, 0.38, 0.40, 0.40, 0.42, 
		 0.44, 0.44, 0.46, 0.46, 0.48, 0.50, 0.50, 0.52, 0.52, 0.52, 
		 0.52, 0.54, 0.52, 0.52, 0.52, 0.52, 0.54, 0.52, 0.52, 0.52, 
		 0.52, 0.52, 0.52, 0.52, 0.54, 0.52, 0.52, 0.52, 0.52, 0.38},


Processing file В.JPG...
		{0.00, 0.03, 0.04, 0.11, 0.41, 0.98, 0.98, 0.98, 0.98, 0.98, 
		 0.84, 0.21, 0.15, 0.14, 0.12, 0.11, 0.12, 0.13, 0.13, 0.16, 
		 0.17, 0.21, 0.23, 0.27, 0.33, 0.45, 0.47, 0.46, 0.45, 0.08},
		{0.00, 0.49, 0.54, 0.50, 0.42, 0.39, 0.38, 0.37, 0.36, 0.36, 
		 0.35, 0.35, 0.34, 0.33, 0.33, 0.33, 0.32, 0.32, 0.32, 0.31, 
		 0.29, 0.29, 0.28, 0.28, 0.27, 0.27, 0.28, 0.30, 0.46, 0.52, 
		 0.46, 0.39, 0.38, 0.37, 0.37, 0.35, 0.36, 0.35, 0.35, 0.34, 
		 0.34, 0.34, 0.34, 0.34, 0.33, 0.33, 0.32, 0.32, 0.32, 0.47},


Processing file у1.JPG...
		{0.06, 0.06, 0.06, 0.06, 0.06, 0.11, 0.16, 0.21, 0.26, 0.35, 
		 0.45, 0.48, 0.52, 0.56, 0.61, 0.63, 0.65, 0.69, 0.74, 0.73, 
		 0.71, 0.74, 0.77, 0.68, 0.58, 0.52, 0.45, 0.35, 0.06, 0.03},
		{0.00, 0.46, 0.92, 0.90, 0.88, 0.66, 0.44, 0.44, 0.44, 0.44, 
		 0.44, 0.42, 0.40, 0.38, 0.36, 0.36, 0.36, 0.38, 0.40, 0.40, 
		 0.40, 0.38, 0.36, 0.38, 0.40, 0.40, 0.40, 0.40, 0.40, 0.36, 
		 0.32, 0.32, 0.32, 0.30, 0.28, 0.26, 0.24, 0.20, 0.16, 0.16, 
		 0.16, 0.14, 0.12, 0.12, 0.12, 0.12, 0.12, 0.10, 0.16, 0.08},


Processing file н1.JPG...
		{0.19, 0.19, 0.19, 0.24, 0.29, 0.64, 1.00, 1.00, 1.00, 1.00, 
		 1.00, 1.00, 1.00, 1.00, 1.00, 1.00, 1.00, 1.00, 1.00, 0.69, 
		 0.38, 0.33, 0.29, 0.26, 0.24, 0.17, 0.10, 0.17, 0.19, 0.10},
		{0.96, 0.94, 0.91, 0.88, 0.81, 0.73, 0.65, 0.62, 0.58, 0.54, 
		 0.54, 0.54, 0.54, 0.54, 0.54, 0.54, 0.54, 0.54, 0.54, 0.54, 
		 0.54, 0.54, 0.54, 0.54, 0.54, 0.63, 0.72, 0.81, 0.81, 0.81, 
		 0.81, 0.72, 0.63, 0.54, 0.54, 0.54, 0.54, 0.54, 0.54, 0.54, 
		 0.54, 0.54, 0.54, 0.54, 0.54, 0.54, 0.54, 0.32, 0.96, 0.64},


Processing file ф1.JPG...
		{0.22, 0.32, 0.37, 0.41, 0.46, 0.46, 0.46, 0.29, 0.20, 0.17, 
		 0.17, 0.20, 0.98, 0.98, 0.98, 0.98, 0.98, 1.00, 1.00, 1.00, 
		 0.20, 0.12, 0.15, 0.20, 0.27, 0.49, 0.46, 0.46, 0.41, 0.12},
		{0.09, 0.20, 0.30, 0.32, 0.33, 0.30, 0.27, 0.26, 0.24, 0.24, 
		 0.24, 0.24, 0.24, 0.24, 0.24, 0.24, 0.24, 0.24, 0.24, 0.24, 
		 0.24, 0.42, 0.61, 0.68, 0.76, 0.80, 0.85, 0.80, 0.76, 0.74, 
		 0.73, 0.73, 0.73, 0.73, 0.73, 0.71, 0.70, 0.70, 0.70, 0.70, 
		 0.70, 0.70, 0.70, 0.70, 0.70, 0.68, 0.67, 0.67, 0.45, 0.23},


Processing file Х.JPG...
		{0.03, 0.04, 0.06, 0.09, 0.13, 0.19, 0.26, 0.33, 0.41, 0.42, 
		 0.45, 0.38, 0.36, 0.36, 0.35, 0.32, 0.23, 0.21, 0.27, 0.34, 
		 0.33, 0.33, 0.33, 0.37, 0.41, 0.45, 0.37, 0.29, 0.22, 0.02},
		{0.31, 0.51, 0.41, 0.34, 0.30, 0.29, 0.28, 0.27, 0.26, 0.25, 
		 0.24, 0.25, 0.24, 0.22, 0.24, 0.22, 0.23, 0.22, 0.23, 0.22, 
		 0.22, 0.22, 0.22, 0.22, 0.22, 0.21, 0.19, 0.17, 0.15, 0.14, 
		 0.14, 0.15, 0.17, 0.20, 0.22, 0.22, 0.22, 0.22, 0.22, 0.22, 
		 0.22, 0.22, 0.22, 0.23, 0.22, 0.23, 0.22, 0.23, 0.24, 0.36},


Processing file Д.JPG...
		{0.01, 0.11, 0.12, 0.08, 0.07, 0.09, 0.14, 0.21, 0.26, 0.25, 
		 0.24, 0.23, 0.23, 0.22, 0.22, 0.23, 0.25, 0.32, 0.34, 0.33, 
		 0.33, 0.31, 0.31, 0.31, 0.31, 0.31, 0.31, 0.26, 0.20, 0.00},
		{0.01, 0.02, 0.03, 0.05, 0.06, 0.07, 0.08, 0.08, 0.10, 0.10, 
		 0.12, 0.13, 0.14, 0.15, 0.17, 0.18, 0.19, 0.17, 0.18, 0.18, 
		 0.18, 0.18, 0.18, 0.17, 0.18, 0.18, 0.18, 0.18, 0.17, 0.17, 
		 0.18, 0.18, 0.18, 0.18, 0.18, 0.18, 0.18, 0.18, 0.18, 0.18, 
		 0.18, 0.18, 0.18, 0.19, 0.18, 0.19, 0.19, 0.19, 0.20, 0.03},


Processing file Н.JPG...
		{0.02, 0.06, 0.59, 0.99, 0.99, 0.99, 0.12, 0.08, 0.05, 0.05, 
		 0.05, 0.05, 0.05, 0.05, 0.05, 0.05, 0.05, 0.05, 0.05, 0.05, 
		 0.05, 0.05, 0.05, 0.05, 0.05, 0.05, 0.05, 0.06, 0.09, 0.03},
		{0.18, 0.36, 0.29, 0.25, 0.24, 0.22, 0.22, 0.20, 0.20, 0.20, 
		 0.19, 0.18, 0.18, 0.18, 0.18, 0.18, 0.18, 0.18, 0.18, 0.18, 
		 0.18, 0.18, 0.18, 0.18, 0.18, 0.18, 0.18, 0.18, 0.18, 0.88, 
		 0.88, 0.88, 0.19, 0.18, 0.18, 0.19, 0.19, 0.19, 0.19, 0.19, 
		 0.19, 0.19, 0.19, 0.19, 0.19, 0.19, 0.19, 0.19, 0.20, 0.44},


Processing file ж1.JPG...
		{0.05, 0.05, 0.25, 0.30, 0.40, 0.50, 0.60, 0.75, 0.90, 0.95, 
		 0.85, 0.50, 0.45, 0.40, 0.35, 1.00, 1.00, 1.00, 1.00, 1.00, 
		 1.00, 1.00, 0.40, 0.40, 0.45, 0.50, 0.85, 0.95, 0.90, 0.05},
		{0.84, 0.82, 0.80, 0.78, 0.66, 0.53, 0.41, 0.41, 0.41, 0.41, 
		 0.39, 0.37, 0.35, 0.35, 0.35, 0.35, 0.35, 0.35, 0.35, 0.37, 
		 0.39, 0.41, 0.45, 0.50, 0.54, 0.55, 0.56, 0.57, 0.59, 0.60, 
		 0.62, 0.62, 0.62, 0.62, 0.62, 0.62, 0.62, 0.62, 0.62, 0.62, 
		 0.62, 0.62, 0.62, 0.62, 0.62, 0.62, 0.62, 0.32, 0.95, 0.63},


Processing file л1.JPG...
		{0.33, 0.33, 0.33, 0.36, 0.38, 0.38, 0.38, 0.36, 0.33, 0.31, 
		 0.29, 0.26, 0.24, 0.26, 0.29, 0.57, 0.86, 0.83, 0.81, 0.48, 
		 0.14, 0.12, 0.10, 0.10, 0.10, 0.10, 0.10, 0.14, 0.19, 0.10},
		{0.81, 0.81, 0.81, 0.81, 0.67, 0.52, 0.37, 0.36, 0.35, 0.33, 
		 0.33, 0.33, 0.33, 0.33, 0.33, 0.33, 0.33, 0.33, 0.33, 0.33, 
		 0.33, 0.33, 0.33, 0.33, 0.33, 0.33, 0.33, 0.33, 0.33, 0.33, 
		 0.33, 0.33, 0.33, 0.33, 0.33, 0.33, 0.33, 0.36, 0.38, 0.41, 
		 0.44, 0.48, 0.52, 0.53, 0.54, 0.56, 0.57, 0.22, 0.67, 0.44},


Processing file Е.JPG...
		{0.00, 0.01, 0.02, 0.05, 0.10, 0.25, 1.00, 1.00, 1.00, 1.00, 
		 1.00, 0.99, 0.23, 0.16, 0.14, 0.14, 0.13, 0.12, 0.12, 0.12, 
		 0.12, 0.12, 0.13, 0.13, 0.14, 0.15, 0.16, 0.18, 0.21, 0.00},
		{0.52, 0.82, 0.79, 0.42, 0.27, 0.25, 0.23, 0.18, 0.18, 0.18, 
		 0.18, 0.18, 0.17, 0.17, 0.17, 0.17, 0.17, 0.17, 0.16, 0.16, 
		 0.16, 0.16, 0.16, 0.18, 0.19, 0.21, 0.25, 0.70, 0.69, 0.69, 
		 0.25, 0.20, 0.18, 0.18, 0.15, 0.15, 0.15, 0.15, 0.15, 0.15, 
		 0.15, 0.15, 0.15, 0.15, 0.16, 0.16, 0.16, 0.16, 0.16, 0.84},


Processing file Р.JPG...
		{0.00, 0.01, 0.02, 0.03, 0.07, 0.20, 0.79, 1.00, 1.00, 1.00, 
		 1.00, 1.00, 0.28, 0.09, 0.06, 0.04, 0.06, 0.05, 0.07, 0.07, 
		 0.08, 0.09, 0.10, 0.11, 0.13, 0.14, 0.17, 0.20, 0.23, 0.00},
		{0.58, 0.62, 0.53, 0.45, 0.43, 0.41, 0.40, 0.39, 0.38, 0.37, 
		 0.36, 0.36, 0.35, 0.35, 0.34, 0.35, 0.34, 0.32, 0.32, 0.32, 
		 0.32, 0.31, 0.31, 0.31, 0.31, 0.31, 0.31, 0.30, 0.30, 0.29, 
		 0.29, 0.29, 0.30, 0.41, 0.16, 0.16, 0.16, 0.16, 0.16, 0.17, 
		 0.16, 0.16, 0.16, 0.16, 0.17, 0.16, 0.16, 0.17, 0.17, 0.42},


Processing file ы1.JPG...
		{0.20, 0.20, 1.00, 1.00, 1.00, 1.00, 1.00, 1.00, 1.00, 0.25, 
		 0.25, 0.30, 0.30, 0.40, 0.60, 0.60, 0.55, 0.55, 0.50, 0.40, 
		 0.25, 0.20, 0.20, 0.20, 1.00, 1.00, 1.00, 1.00, 1.00, 0.20},
		{0.74, 0.74, 0.74, 0.74, 0.63, 0.52, 0.41, 0.41, 0.41, 0.41, 
		 0.41, 0.41, 0.41, 0.41, 0.41, 0.41, 0.41, 0.41, 0.41, 0.41, 
		 0.41, 0.41, 0.46, 0.51, 0.56, 0.61, 0.66, 0.71, 0.69, 0.67, 
		 0.65, 0.64, 0.63, 0.62, 0.62, 0.62, 0.62, 0.62, 0.62, 0.62, 
		 0.62, 0.62, 0.62, 0.62, 0.62, 0.62, 0.63, 0.30, 0.91, 0.61},


Processing file х1.JPG...
		{0.16, 0.18, 0.21, 0.26, 0.32, 0.37, 0.42, 0.50, 0.58, 0.63, 
		 0.68, 0.68, 0.68, 0.68, 0.68, 0.68, 0.68, 0.66, 0.63, 0.66, 
		 0.68, 0.68, 0.68, 0.71, 0.74, 0.68, 0.63, 0.66, 0.16, 0.08},
		{0.96, 0.93, 0.90, 0.88, 0.78, 0.68, 0.58, 0.54, 0.50, 0.46, 
		 0.46, 0.46, 0.46, 0.44, 0.43, 0.42, 0.43, 0.44, 0.46, 0.46, 
		 0.46, 0.46, 0.43, 0.40, 0.38, 0.38, 0.38, 0.38, 0.38, 0.38, 
		 0.38, 0.39, 0.40, 0.42, 0.42, 0.42, 0.42, 0.42, 0.42, 0.42, 
		 0.43, 0.44, 0.46, 0.46, 0.46, 0.46, 0.47, 0.26, 0.79, 0.53},


Processing file П.JPG...
		{0.02, 0.04, 0.22, 0.99, 0.99, 0.99, 0.47, 0.08, 0.06, 0.05, 
		 0.05, 0.05, 0.05, 0.05, 0.05, 0.05, 0.05, 0.05, 0.05, 0.05, 
		 0.05, 0.06, 0.06, 0.06, 0.06, 0.05, 0.06, 0.07, 0.47, 0.01},
		{0.16, 0.93, 0.90, 0.87, 0.24, 0.24, 0.24, 0.23, 0.23, 0.23, 
		 0.23, 0.22, 0.22, 0.22, 0.22, 0.21, 0.21, 0.21, 0.20, 0.21, 
		 0.21, 0.21, 0.21, 0.21, 0.21, 0.21, 0.21, 0.20, 0.20, 0.20, 
		 0.20, 0.21, 0.20, 0.20, 0.21, 0.20, 0.20, 0.20, 0.20, 0.20, 
		 0.20, 0.20, 0.20, 0.21, 0.21, 0.21, 0.21, 0.21, 0.21, 0.40},


Processing file У.JPG...
		{0.00, 0.02, 0.03, 0.05, 0.09, 0.14, 0.19, 0.25, 0.30, 0.29, 
		 0.33, 0.29, 0.29, 0.29, 0.29, 0.31, 0.38, 0.28, 0.17, 0.15, 
		 0.15, 0.16, 0.16, 0.16, 0.17, 0.19, 0.22, 0.27, 0.19, 0.01},
		{0.04, 0.51, 0.35, 0.29, 0.26, 0.24, 0.23, 0.22, 0.21, 0.20, 
		 0.20, 0.19, 0.20, 0.19, 0.19, 0.20, 0.19, 0.19, 0.20, 0.20, 
		 0.19, 0.20, 0.19, 0.19, 0.19, 0.19, 0.19, 0.19, 0.18, 0.19, 
		 0.18, 0.18, 0.18, 0.18, 0.18, 0.18, 0.18, 0.17, 0.16, 0.15, 
		 0.12, 0.11, 0.10, 0.08, 0.08, 0.07, 0.06, 0.11, 0.11, 0.00},


